0, 0, 0, 0, 0, 0, 125
0, 0, 0, 0, 0, 0, 225
0, 0, 0, 0, 0, 0, 325
0, 0, 0, 0, 0, 0, 424
0, 0, 0, 0, 0, 0, 524
0, 0, 0, 0, 0, 0, 624
0, 0, 0, 0, 0, 0, 723
0, 0, 0, 0, 0, 0, 824
0, 0, 0, 0, 0, 0, 924
0, 0, 0, 0, 0, 0, 1024
0, 0, 0, 0, 0, 0, 1124
0, 0, 0, 0, 0, 0, 1224
0, 0, 0, 0, 0, 0, 1324
0, 0, 0, 0, 0, 0, 1424
0, 0, 0, 0, 0, 0, 1524
0, 0, 0, 0, 0, 0, 1624
0, 0, 0, 0, 0, 0, 1724
0, 0, 0, 0, 0, 0, 1824
0, 0, 0, 0, 0, 0, 1924
0, 0, 0, 0, 0, 0, 2024
0, 0, 0, 0, 0, 0, 2124
0, 0, 0, 0, 0, 0, 2224
0, 0, 0, 0, 0, 0, 2323
0, 0, 0, 0, 0, 0, 2423
0, 0, 0, 0, 0, 0, 2523
0, 0, 0, 0, 0, 0, 2623
0, 0, 0, 0, 0, 0, 2723
0, 0, 0, 0, 0, 0, 2823
0, 0, 0, 0, 0, 0, 2923
0, 0, 0, 0, 0, 0, 3023
0, 0, 0, 0, 0, 0, 3123
0, 0, 0, 0, 0, 0, 3223
0, 0, 0, 0, 0, 0, 3323
0, 0, 0, 0, 0, 0, 3423
0, 0, 0, 0, 0, 0, 3523
0, 0, 0, 0, 0, 0, 3622
0, 0, 0, 0, 0, 0, 3723
0, 0, 0, 0, 0, 0, 3823
0, 0, 0, 0, 0, 0, 3922
0, 0, 0, 0, 0, 0, 4023
0, 0, 0, 0, 0, 0, 4123
0, 0, 0, 0, 0, 0, 4221
0, 0, 0, 0, 0, 0, 4322
0, 0, 0, 0, 0, 0, 4422
0, 0, 0, 0, 0, 0, 4521
0, 0, 0, 0, 0, 0, 4622
0, 0, 0, 0, 0, 0, 4722
0, 0, 0, 0, 0, 0, 4822
0, 0, 0, 0, 0, 0, 4922
0, 0, 0, 0, 0, 0, 5022
0, 0, 0, 0, 0, 0, 5122
0, 0, 0, 0, 0, 0, 5222
0, 0, 0, 0, 0, 0, 5322
0, 0, 0, 0, 0, 0, 5422
0, 0, 0, 0, 0, 0, 5520
0, 0, 0, 0, 0, 0, 5620
0, 0, 0, 0, 0, 0, 5722
0, 0, 0, 0, 0, 0, 5822
0, 0, 0, 0, 0, 0, 5922
0, 0, 0, 0, 0, 0, 6021
0, 0, 0, 0, 0, 0, 6121
0, 0, 0, 0, 0, 0, 6221
0, 0, 0, 0, 0, 0, 6321
0, 0, 0, 0, 0, 0, 6420
0, 0, 0, 0, 0, 0, 6520
0, 0, 0, 0, 0, 0, 6620
0, 0, 0, 0, 0, 0, 6721
0, 0, 0, 0, 0, 0, 6820
0, 0, 0, 0, 0, 0, 6921
0, 0, 0, 0, 0, 0, 7021
0, 0, 0, 0, 0, 0, 7120
0, 0, 0, 0, 0, 0, 7221
0, 0, 0, 0, 0, 0, 7321
0, 0, 0, 0, 0, 0, 7420
0, 0, 0, 0, 0, 0, 7521
0, 0, 0, 0, 0, 0, 7621
0, 0, 0, 0, 0, 0, 7720
0, 0, 0, 0, 0, 0, 7820
0, 0, 0, 0, 0, 0, 7920
0, 0, 0, 0, 0, 0, 8019
0, 0, 0, 0, 0, 0, 8120
0, 0, 0, 0, 0, 0, 8220
0, 0, 0, 0, 0, 0, 8320
0, 0, 0, 0, 0, 0, 8420
0, 0, 0, 0, 0, 0, 8520
0, 0, 0, 0, 0, 0, 8620
0, 0, 0, 0, 0, 0, 8720
0, 0, 0, 0, 0, 0, 8820
0, 0, 0, 0, 0, 0, 8920
0, 0, 0, 0, 0, 0, 9020
0, 0, 0, 0, 0, 0, 9120
0, 0, 0, 0, 0, 0, 9220
0, 0, 0, 0, 0, 0, 9320
0, 0, 0, 0, 0, 0, 9420
0, 0, 0, 0, 0, 0, 9520
0, 0, 0, 0, 0, 0, 9619
0, 0, 0, 0, 0, 0, 9719
0, 0, 0, 0, 0, 0, 9818
0, 0, 0, 0, 0, 0, 9918
0, 0, 0, 0, 0, 0, 10017
0, 0, 0, 0, 0, 0, 10118
0, 0, 0, 0, 0, 0, 10218
0, 0, 0, 0, 0, 0, 10317
0, 0, 0, 0, 0, 0, 10419
0, 0, 0, 0, 0, 0, 10517
0, 0, 0, 0, 0, 0, 10618
0, 0, 0, 0, 0, 0, 10717
0, 0, 0, 0, 0, 0, 10817
0, 0, 0, 0, 0, 0, 10916
0, 0, 0, 0, 0, 0, 11019
0, 0, 0, 0, 0, 0, 11117
0, 0, 0, 0, 0, 0, 11216
0, 0, 0, 0, 0, 0, 11319
0, 0, 0, 0, 0, 0, 11418
0, 0, 0, 0, 0, 0, 11517
0, 0, 0, 0, 0, 0, 11617
0, 0, 0, 0, 0, 0, 11717
0, 0, 0, 0, 0, 0, 11816
0, 0, 0, 0, 0, 0, 11917
0, 0, 0, 0, 0, 0, 12017
0, 0, 0, 0, 0, 0, 12116
0, 0, 0, 0, 0, 0, 12217
0, 0, 0, 0, 0, 0, 12316
0, 0, 0, 0, 0, 0, 12416
0, 0, 0, 0, 0, 0, 12516
0, 0, 0, 0, 0, 0, 12616
0, 0, 0, 0, 0, 0, 12716
0, 0, 0, 0, 0, 0, 12816
1176, 2316, -14584, -298, 244, 150, 21707
1112, 2356, -14432, -309, 306, 148, 21807
1088, 2372, -14312, -374, 308, 174, 21907
1176, 2312, -13976, -565, 370, 152, 22007
1276, 2316, -14404, -323, 326, 169, 22107
1084, 2448, -14456, -282, 289, 163, 22207
1160, 2412, -14480, -269, 286, 139, 22307
1300, 2468, -14384, -288, 268, 151, 22407
1280, 2360, -14152, -319, 259, 172, 22507
1264, 2380, -14436, -277, 294, 144, 22606
1364, 2348, -14492, -386, 326, 190, 22706
668, 2392, -14444, -598, -153, 3626, 22806
1344, 1636, -15000, -778, -480, 5658, 22906
2068, 1780, -14784, -581, -582, 5434, 23006
1740, 4880, -14968, -351, 157, 1626, 23106
1744, 1628, -13652, -535, -131, 2206, 23206
1128, 4284, -13984, -272, 392, 528, 23306
1140, 2324, -14452, -286, 311, 181, 23406
1072, 2344, -14512, -258, 255, 174, 23506
1176, 2296, -14348, -256, 286, 139, 23606
1084, 2236, -14428, -266, 297, 162, 23706
1164, 2368, -14448, -280, 293, 140, 23806
1228, 2288, -14500, -299, 288, 157, 23906
1224, 2184, -14360, -297, 266, 164, 24006
1108, 2248, -14368, -280, 281, 165, 24107
1160, 2300, -14428, -289, 282, 153, 24206
1288, 2276, -14432, -308, 270, 161, 24306
1268, 2196, -14280, -289, 306, 164, 24406
1176, 2208, -14348, -255, 298, 172, 24505
1216, 2428, -14276, -301, 281, 180, 24605
1076, 2664, -14104, -503, 646, 339, 24705
1204, 2432, -14248, -385, 375, 121, 24805
1236, 2364, -14460, -322, 282, 229, 24905
1204, 2084, -14316, -307, 370, 206, 25005
1260, 2124, -14240, -220, 355, 149, 25105
1132, 2292, -14332, -209, 224, 87, 25205
1156, 2116, -14364, -326, 290, 143, 25305
1292, 2368, -14740, -876, 967, 318, 25405
1232, 2236, -14672, -313, 340, 176, 25505
1304, 2524, -14604, 338, 301, -451, 25605
1588, 2228, -13464, -182, 983, 326, 25705
1372, 2184, -14084, -203, 165, 77, 25805
1280, 1924, -14256, -329, 9, -113, 25905
1484, 2464, -14188, 94, 148, -332, 26005
1064, 2340, -14212, -808, 446, 420, 26105
1160, 2356, -14784, -336, 44, 122, 26204
1044, 2236, -14592, -147, 211, 259, 26304
1236, 2172, -14436, -304, 264, 172, 26404
1236, 2244, -14532, -307, 253, 174, 26504
1196, 2292, -14352, -301, 288, 153, 26604
1232, 2328, -14316, -318, 307, 165, 26704
2140, 2112, -14568, -131, 441, -686, 26804
1156, 2320, -14436, -325, 285, 70, 26904
1356, 2324, -14636, -818, 779, 234, 27004
1364, 2488, -15216, -993, 317, 121, 27104
1756, 2296, -14960, -682, 230, -68, 27204
956, 2848, -13860, -71, 536, 203, 27304
1264, 2532, -14392, 149, 426, 201, 27404
1440, 2584, -14596, -396, 149, 70, 27504
1416, 2592, -14548, -149, 141, 119, 27604
1300, 2360, -14488, -57, 189, 199, 27704
1444, 2584, -14308, 300, -305, 65, 27804
1236, 2288, -14348, -203, 197, 142, 27904
1200, 2284, -14420, -262, 143, 155, 28004
1136, 2528, -15060, -564, -286, 7, 28103
1308, 2520, -14856, -527, -161, 169, 28203
572, 2640, -14308, -970, 219, 187, 28303
1108, 2592, -14816, -756, 874, 287, 28403
1268, 2704, -15036, -654, 273, 116, 28503
1140, 2836, -14664, -438, 96, 56, 28603
1096, 2556, -14556, -160, 293, 125, 28703
1376, 2476, -14472, 307, 599, 383, 28803
936, 2764, -14524, -108, -243, 2166, 28903
1232, 2256, -14712, -181, 265, 158, 29003
1176, 2296, -14428, -238, 273, 159, 29103
1264, 2216, -14448, -232, 268, 163, 29203
1236, 2156, -14464, -298, 254, 151, 29303
1252, 2312, -14336, -276, 289, 161, 29403
1248, 2252, -14644, -302, 265, 182, 29503
1272, 2228, -14448, -304, 284, 174, 29603
1248, 2244, -14520, -271, 284, 161, 29703
1288, 2260, -14420, -317, 287, 159, 29803
1068, 2352, -14388, -293, 303, 148, 29902
1208, 2232, -14256, -293, 304, 150, 30002
1228, 2300, -14428, -337, 274, 141, 30102
1184, 2344, -14440, -319, 267, 163, 30202
1136, 2272, -14544, -309, 278, 132, 30302
1204, 2192, -14412, -339, 282, 171, 30402
1152, 2108, -17244, -36, -849, 154, 30502
1896, 1560, -14344, -152, 683, -412, 30602
332, 2396, -14316, -482, 209, 1050, 30702
784, 1612, -14304, -631, -307, 3508, 30802
924, 2844, -14588, -391, 169, 344, 30902
968, 2400, -13820, -820, 432, 184, 31002
1372, 2532, -14516, -1295, 1095, 279, 31101
1264, 2512, -14540, -347, 458, 180, 31202
1304, 2376, -14496, -261, 281, 146, 31302
1344, 2516, -14640, -107, 43, 100, 31401
1544, 2532, -14232, 638, -320, 1167, 31502
1320, 2392, -14548, -276, 251, 176, 31602
1208, 2280, -14540, -276, 305, 159, 31700
1176, 2220, -14484, -286, 280, 174, 31801
1224, 2208, -14548, -300, 255, 172, 31901
1292, 2128, -14584, -302, 272, 150, 32001
1076, 2296, -14156, -687, 742, 316, 32101
1124, 2324, -14324, -209, 65, 69, 32201
1560, 2008, -14696, -445, 406, 2, 32301
1576, 2276, -14916, -298, 325, 232, 32401
1416, 2192, -14804, -12, 207, 73, 32501
792, 2104, -15004, -373, 668, 541, 32601
1144, 2184, -14276, -651, -272, 2060, 32701
2248, 3388, -13924, -674, 48, 1935, 32801
1108, 2024, -14632, -58, 196, -293, 32901
1244, 2120, -14796, -374, 203, 127, 33001
1244, 2160, -14484, -333, 305, 166, 33101
1228, 2164, -14652, -322, 252, 157, 33201
1124, 2184, -14400, -309, 279, 159, 33301
1552, 2252, -14848, -1162, 1293, 455, 33401
908, 2616, -13652, -328, -146, 58, 33500
948, 2416, -14660, -464, -485, 3457, 33600
384, 3992, -13516, -800, -186, 3659, 33700
1260, 2044, -14436, -428, 66, 742, 33800
1168, 2276, -14880, -329, 182, 149, 33900
1108, 2312, -14580, -350, 426, 194, 34000
1012, 2184, -14400, -167, 162, 102, 34100
880, 1988, -14596, -401, 740, 956, 34200
1112, 2184, -14652, -159, 340, 180, 34299
1112, 2256, -14592, -286, 283, 170, 34400
1252, 2240, -14628, -288, 284, 159, 34500
1264, 2172, -14504, -301, 299, 181, 34599
-1584, 2632, -13164, -174, 123, -2175, 34700
1276, 2100, -14268, -325, 316, 192, 34800
1156, 2200, -14612, -318, 279, 147, 34899
1196, 2076, -14536, -341, 332, 157, 35000
1212, 2152, -14404, -306, 298, 153, 35100
1184, 2212, -14596, -287, 279, 146, 35200
1008, 2104, -14568, -288, 312, 161, 35299
1132, 2228, -14400, -261, 202, 183, 35399
1228, 2148, -14452, -313, 322, 180, 35499
1148, 2272, -14368, -286, 335, 182, 35599
1136, 2108, -14412, -287, 265, 142, 35699
1120, 1996, -14292, -307, 324, 188, 35799
1164, 2056, -14340, -268, 244, 153, 35899
1028, 2168, -14480, -321, 296, 173, 35999
1164, 2280, -14440, -316, 340, 185, 36099
1216, 2204, -14572, -299, 282, 173, 36199
1148, 2216, -14512, -318, 283, 175, 36299
1232, 2176, -14400, -303, 280, 174, 36399
1204, 2236, -14392, -307, 312, 174, 36499
1176, 2188, -14648, -327, 291, 170, 36599
1264, 2216, -14520, -338, 289, 160, 36699
1156, 2220, -14356, -324, 313, 152, 36799
1076, 2136, -14460, -368, 306, 181, 36899
1092, 2056, -14280, -353, 340, 157, 36999
1144, 2216, -14184, -305, 324, 162, 37098
1240, 2048, -14636, -322, 375, 175, 37198
1240, 2176, -13868, -429, 197, 103, 37298
1188, 2196, -14304, -681, 276, 141, 37398
1160, 2064, -13936, -179, 87, 104, 37497
1148, 2228, -14736, 51, -72, 5, 37598
860, 1536, -14740, 1, 1030, -4446, 37698
1344, 2512, -14328, -857, 919, 183, 37797
1148, 1092, -14828, -526, 301, 381, 37898
1284, 2248, -14740, 456, -189, 44, 37998
908, 2140, -14280, -399, -21, 34, 38097
2120, 1968, -14584, -270, 289, -514, 38198
2620, 2600, -13808, 173, 366, -677, 38298
1044, 1976, -14640, -218, 422, -851, 38397
524, 2228, -14136, -491, 374, -883, 38498
1080, 2336, -14972, -401, 330, 157, 38598
952, 1840, -14116, -845, 273, -870, 38697
936, 2032, -15036, -28, 157, 64, 38798
1268, 3256, -15032, 537, 321, -1235, 38897
1212, 2400, -15316, -713, 300, 167, 38996
1064, 2516, -14936, -197, 120, 98, 39097
1668, 2528, -14420, 630, 1577, 280, 39197
1200, 2052, -14380, -262, 324, 185, 39297
1184, 2028, -14348, -285, 304, 171, 39397
1168, 2160, -14628, -249, 277, 164, 39497
1124, 2180, -14392, -274, 306, 189, 39597
1100, 2156, -14488, -294, 271, 167, 39697
1244, 2196, -14260, -290, 280, 159, 39797
1176, 2160, -14372, -288, 321, 166, 39897
1252, 2156, -14576, -298, 285, 174, 39997
1104, 2132, -14680, -321, 294, 155, 40097
1164, 2072, -14460, -292, 305, 182, 40197
1312, 2176, -14400, -299, 301, 180, 40297
1196, 2156, -14688, -277, 296, 152, 40397
1232, 2104, -14452, -318, 332, 151, 40497
1320, 1996, -14284, -4423, 1752, 208, 40597
2412, 2716, -13816, -322, 442, -1038, 40696
2556, 1956, -15192, -391, -370, 1468, 40796
444, 3180, -13404, -1051, -312, 3564, 40896
1316, 2468, -12636, -286, 537, 135, 40995
1880, 3812, -14156, -819, 553, 2166, 41096
1140, 1512, -17676, -1745, 822, 318, 41196
1268, 3144, -14496, -395, 340, -340, 41295
1316, 3244, -14420, -282, 417, -611, 41396
780, 2864, -14452, -189, 861, -1299, 41496
3400, 1768, -14624, -230, 367, -498, 41595
2000, 2928, -14400, -337, 281, -7, 41696
1520, 2840, -14340, -338, 257, 136, 41796
1508, 2944, -14360, -322, 262, 185, 41895
1188, 2896, -14632, -357, 284, 182, 41996
1452, 3020, -14332, -317, 253, 129, 42096
-568, 2264, -14924, -499, 143, 1020, 42195
5536, 3392, -10788, -240, 1774, 900, 42296
1272, 2504, -14300, -248, 384, -407, 42396
1348, 3884, -14912, -214, 281, 612, 42496
1024, 2892, -14616, -164, 415, -602, 42595
996, 2872, -15040, -262, 209, 362, 42695
1580, 2856, -14532, -359, 275, 143, 42795
1748, 2736, -14328, -519, 173, 536, 42895
1428, 2932, -14548, -324, 241, 421, 42995
-2280, 9748, -996, -2627, 99, 15, 43095
1472, 3216, -14384, -353, 255, 145, 43195
1304, 2668, -14328, -313, 292, 122, 43295
1668, 4396, -15040, -151, 236, -259, 43395
1788, 1320, -11168, -43, 1260, -3672, 43495
3296, -2284, -10208, 1006, 2369, -10385, 43595
-372, -3516, -21104, 764, 3094, -4061, 43695
-816, 3220, -15904, -763, -1319, 10498, 43795
32767, 17392, -24764, -5124, 2296, -9097, 43894
1296, 5224, -17700, 13226, -6568, 5551, 43995
4012, 332, -14696, 8387, -429, 2960, 44095
5036, -508, -8368, 5938, -2999, 2049, 44194
-12368, -6788, -13000, -6010, 1830, 5735, 44295
-1004, -1952, -16548, -990, 7334, -607, 44394
1312, -3456, -17732, -1319, 4643, -3443, 44493
1276, -1812, -16268, 3006, 1870, 3987, 44594
524, -1468, -14928, -992, 3054, 3494, 44694
-280, -1448, -19036, -6894, 22281, -4198, 44793
8796, 2500, -15744, 798, 32767, 4851, 44894
11896, -4264, -116, 5358, 32767, 9845, 44994
15508, -1496, 3544, 7175, 16279, -1498, 45093
13692, 208, 6792, -1497, 28072, -3533, 45194
12656, -340, 11316, -8602, 17894, -117, 45294
10736, -668, 14216, -1494, 14432, 3344, 45393
8568, -2380, 16184, -5433, -1905, 4310, 45494
9288, -4580, 13808, -8223, -202, 1348, 45594
11784, -3884, 13064, -11214, 4951, 7691, 45693
6984, -9412, 11324, -6476, 17859, 17063, 45794
708, -10232, 14180, 521, 8603, 13640, 45894
352, -9492, 14068, 1666, -5628, -1631, 45993
-8, -11164, 13052, 5188, -25318, -7851, 46094
12580, -5128, 7956, 9300, -32768, -16053, 46193
13120, -5312, -5892, -406, -32768, 15783, 46292
2324, -11732, -18328, 22569, -32768, 32767, 46393
-11244, -9376, -3052, 23064, -32768, 32767, 46493
-14404, -6168, 3168, 13534, -9086, 6618, 46593
-12280, -3448, 6480, 5623, -3776, 9116, 46693
-11488, 568, 8860, -2937, -5120, 20345, 46793
-13216, 6204, 4948, -2426, -10617, 28854, 46893
-17836, 9660, 5808, -1135, 10280, 17904, 46993
-19152, 8644, 5632, -1273, 4599, 4851, 47092
-18132, 7620, 9700, -4700, -7670, -4648, 47193
-17540, 6980, 15776, 1678, -21757, -13142, 47293
-11788, 6544, 16384, -10397, -25340, -14899, 47392
-4480, 1200, 12768, -11234, -18199, -10338, 47493
656, -1736, 8676, -10179, -10868, -11601, 47593
-1644, -1480, 11484, 209, 4268, -5142, 47692
-8796, 436, 18008, 4752, 7739, 4949, 47793
8172, -16400, 32767, 6166, -7411, -6113, 47893
-612, -1788, 20772, -2996, 4012, -3052, 47991
-2360, -3748, 17188, -729, 463, -4777, 48092
928, -4760, 18096, 1057, 738, -4904, 48192
-4296, -3912, 21728, 94, 1398, -7882, 48291
-6420, -856, 18896, 4349, 4006, -1258, 48392
-2504, -2332, 18468, 3082, -549, 516, 48492
-2556, -3976, 17524, -757, -278, 17, 48591
-1528, -2232, 17568, -1477, 345, -11, 48692
-2628, -2260, 17352, -215, 364, 184, 48792
-1836, -2452, 17796, 314, 397, 277, 48891
-2060, -2812, 17816, 64, 299, 202, 48992
-2124, -2796, 17752, -323, 298, 149, 49092
-2060, -2704, 17772, -378, 281, 138, 49191
-2076, -2660, 17784, -346, 306, 141, 49292
-1988, -2688, 17696, -392, 273, 158, 49392
-9988, -620, -1816, -1289, -1870, -3558, 49491
-1384, -4452, 17784, -962, -158, 1862, 49592
-7700, -4124, 22176, -6898, 3946, 1918, 49692
144, -7172, 12156, -32768, 13303, -9362, 49790
1492, -7436, 264, -32768, 24279, -14929, 49891
1500, -7968, -10836, -32768, 439, -13743, 49991
-284, -76, -16104, -16178, -11046, -5273, 50091
6756, 6132, -29484, -24710, 7486, -8101, 50191
392, 2312, -7252, -12123, 7908, -610, 50290
392, 2312, -7252, -12123, 7908, -610, 50390
3716, 3280, -14392, 280, 1507, -6102, 50491
1352, 2424, -14348, 312, 1386, -5754, 50590
1984, 3100, -14324, -290, -434, -71, 50691
1820, 3084, -14328, -327, 525, 186, 50791
1724, 2968, -14368, -321, 201, 157, 50890
1856, 2972, -14400, -306, 313, 160, 50991
1744, 2996, -14376, -326, 320, 178, 51091
1692, 2996, -14560, -346, 293, 158, 51190
1800, 3024, -14340, -302, 298, 148, 51291
1752, 2928, -14404, -299, 283, 184, 51391
1892, 2976, -14292, -300, 297, 163, 51490
1820, 3136, -14444, -309, 289, 139, 51590
-2128, 6992, -21404, 1697, 295, 7317, 51690
2444, 6532, -23772, -32768, 3045, -6205, 51789
1484, 8796, -1740, -32768, -8430, -18071, 51890
6336, 11984, 7908, -14281, -1247, 8556, 51990
2892, 15580, 2808, 6856, -2491, 3666, 52089
820, 14112, 604, -5260, -1675, -2372, 52190
-3816, 16412, 5016, -1531, -82, -395, 52290
648, 16260, 6040, 661, 3222, 965, 52389
912, 15868, 6024, 2607, 1207, 1001, 52490
1064, 18760, 3392, -4019, 1088, -114, 52590
844, 16568, 4100, -956, 346, -94, 52689
736, 16724, 4000, -702, 360, 14, 52790
628, 16436, 4664, -834, 311, 115, 52890
840, 16112, 5076, -742, 293, 170, 52989
760, 16124, 5172, -575, 321, 66, 53090
584, 16040, 5196, -314, 303, 124, 53190
612, 16120, 5256, -171, 285, 183, 53289
664, 16136, 5108, -126, 250, 168, 53389
708, 16076, 5100, -124, 379, 147, 53488
868, 18716, 716, -2127, -26371, -6234, 53588
-496, 14200, 5592, 3654, 6377, -20679, 53689
-5292, 15788, 2232, 18416, 6348, -27117, 53788
-8464, 16132, -4068, -3999, -6218, -17476, 53889
-8860, 7932, 440, -6606, -8993, -19933, 53989
-13260, 12224, 5216, 1686, 7323, -16133, 54088
-14644, 2288, 1384, 7414, 14723, -14638, 54189
-28524, 3984, -10076, -2279, -3604, 2148, 54289
-17872, 1788, -1508, -1853, -2962, -2476, 54388
-16096, 1872, -660, -298, -1652, -1045, 54489
-23680, -560, 1268, -455, -2958, -1412, 54589
-16180, 1744, 948, -86, 1719, 832, 54688
-17048, 912, -1812, -346, -64, -483, 54789
-16536, 2592, 332, -190, 1826, 746, 54889
-15812, 2764, 1008, -405, -197, -345, 54988
-17240, 108, -284, -204, -405, 230, 55089
-16600, 1224, -448, -348, -182, -141, 55189
-16444, 1784, -400, -297, -41, 58, 55287
-16468, 1476, -492, -289, 48, 114, 55388
-16496, 1380, -256, -339, 121, 133, 55488
-16456, 1472, -72, -294, 147, 138, 55587
-16516, 1504, -148, -323, 91, 108, 55688
-16540, 1444, -388, -331, 54, 127, 55788
-16436, 1380, -392, -308, 92, 104, 55887
-16516, 1504, -120, -306, 64, 98, 55988
-16540, 1408, -304, -311, 106, 114, 56088
-16440, 1476, -368, -317, 167, 120, 56187
-16468, 1520, -252, -307, 178, 125, 56288
-16428, 1408, -248, -297, 205, 138, 56388
-16488, 1452, -124, -302, 165, 168, 56487
-16428, 1444, -180, -309, 158, 129, 56588
-16480, 1444, -132, -317, 143, 112, 56687
-16412, 1500, -224, -326, 165, 123, 56787
-16420, 1444, -180, -315, 151, 104, 56888
-16568, 1428, -28, -317, 114, 119, 56986
-16480, 1404, -32, -288, 161, 136, 57086
-16448, 1456, -308, -340, 587, 147, 57187
-16480, 1424, -116, -290, 518, 226, 57286
-16356, 1428, -20, -315, 490, 125, 57387
-16308, 1024, -384, -1534, 1766, 780, 57487
-16248, 1404, -292, -1711, 676, 118, 57586
-16640, 1544, -252, -1306, -192, -271, 57687
-16476, 1576, -164, -1639, 520, 0, 57787
-16160, 1112, 444, -2595, 255, -102, 57886
-16260, 1092, -728, -29, 171, 278, 57987
-16592, 1640, -592, -330, 88, 111, 58087
-16524, 1516, -420, -706, 326, 117, 58186
-16432, 1548, -412, -636, 260, 76, 58287
-16524, 1528, -372, -809, 270, 110, 58387
-16816, 1484, 224, -1542, -387, -189, 58486
-16576, 676, 1664, -1251, 1016, 103, 58587
-15272, 1268, 484, 1469, 173, 476, 58687
-15552, 2084, -1696, -485, 1795, 619, 58786
-16416, 1808, -2356, 180, -1136, -393, 58886
-16104, 1700, -1916, -356, 426, 148, 58986
-16484, 1288, 80, -257, -353, -22, 59085
-16552, 1656, -464, -317, 146, 116, 59186
-16440, 1560, -676, -356, 192, 97, 59286
-16568, 1636, -388, -287, 364, 220, 59385
-15920, 1844, -1708, 521, 5102, 2304, 59486
-14936, 2140, -5656, 8, 17738, 1953, 59586
-13340, 2528, -6016, -1369, 22538, 2010, 59685
-13448, 2392, -9932, 1614, 21733, 4217, 59786
-10044, 5236, -9764, 2245, 3675, 1135, 59885
-6256, 2564, -9608, -1034, 19689, 2172, 59985
-1748, 5268, -16668, -1039, 15832, 2101, 60086
-1476, 12, -12148, 1028, 11280, -3282, 60185
80, 1112, -9940, -435, 1059, 471, 60285
1104, 3972, -14812, -136, 3581, -300, 60386
1104, 3972, -14812, -136, 3581, -300, 60483
1828, 3536, -14576, -289, 346, -384, 60585
1724, 3248, -14328, -240, 364, 162, 60685
1760, 3164, -14244, -290, 298, 161, 60784
1712, 3204, -14268, -337, 274, 93, 60884
1808, 3248, -14352, -334, 282, 156, 60985
1872, 3172, -14316, -307, 316, 131, 61084
1760, 3212, -14380, -294, 268, 166, 61185
2052, 3768, -14380, -618, 43, -778, 61285
1536, 3392, -13988, -336, -186, -867, 61384
2332, 4836, -20304, -1918, -19665, -7636, 61485
-2972, 6184, -11696, -2593, -32768, -8626, 61585
-12136, 2312, -8156, -2783, -7985, 699, 61684
-11292, 4128, -10824, -1633, -3926, -247, 61785
-13412, 4436, -9936, -7064, -16698, -1427, 61885
-14716, 2952, -5428, 3104, -8953, -1211, 61984
-17112, 1408, -2876, 4415, -5132, 44, 62085
-15096, 3440, -3156, 833, -2575, -904, 62185
-16248, 3136, -2964, -1131, -12179, -7038, 62284
-15672, 592, 1804, -5921, -9075, -2012, 62385
-16336, 184, 4012, -2106, -1326, 1, 62484
-16580, 404, 2960, 1476, 2317, 453, 62583
-16516, 592, 2328, 1285, 6465, 1332, 62684
-21852, 408, -5332, 2570, 5271, 3126, 62784
-16348, 2272, -1936, -1450, -236, 71, 62883
-16384, 1644, 56, -835, 354, 124, 62984
-15496, 1704, 68, -1108, 582, -118, 63083
-16236, 1324, 400, -311, 310, 135, 63183
-16400, 1356, 84, -290, 294, 174, 63284
-16532, 1400, -32, -320, 271, 164, 63383
-16492, 1936, -240, -5854, 745, -543, 63483
-16668, 1480, -512, -284, 279, 195, 63584
-16636, 1548, -660, -314, 325, 163, 63683
-16528, 1616, -664, -303, 365, 169, 63783
-16508, 1676, -544, -280, 478, 201, 63884
-16568, 1544, -76, -284, 542, 218, 63983
-16452, 1652, -160, -314, 478, 188, 64083
-16440, 1484, -188, -321, 513, 183, 64184
-16484, 1560, -192, -318, 554, 229, 64282
-16164, 1812, -172, -381, 532, 147, 64382
-16536, 1396, -404, -306, 629, 291, 64483
-16468, 1676, 84, -321, 508, 184, 64582
-16436, 1440, 88, -296, 441, 214, 64683
-16440, 1496, -92, -312, 521, 191, 64783
-16472, 1584, -204, -327, 515, 180, 64882
-16444, 1524, -164, -305, 429, 175, 64983
-18620, -564, 1632, 1235, -338, 817, 65083
-11648, -812, -712, 30081, -4344, 3510, 65182
-15372, 920, -1564, 32767, -1512, 5293, 65283
-14708, 1488, -100, 18047, -2560, 1754, 65383
-16120, 1492, -1280, 3104, 24, 584, 65482
-16576, 848, -268, 3079, -136, -701, 65583
-17060, 1812, -2916, 7104, -2492, 999, 65683
-16092, 860, -340, 2402, -4309, -460, 65782
-16588, 288, 1100, 13350, 2136, 1519, 65883
-16564, 1972, -964, 11869, 1832, 1928, 65983
-16824, 44, -784, -3956, 271, -138, 66081
-16648, 1264, -612, -274, -350, 159, 66182
-16492, 1124, 200, -3035, 469, -30, 66281
-16428, 1616, -1100, -484, -176, 141, 66381
-16376, 1248, 536, -687, 614, 157, 66482
-16540, 996, -468, -1218, 1117, 197, 66581
-16484, 1344, -536, -375, 395, 180, 66681
-16572, 1028, -304, -328, 343, 138, 66782
-16488, 1280, -532, -318, 414, 145, 66881
-16672, 1228, -780, -293, 106, 105, 66981
-16292, 3652, 1108, -193, 888, 286, 67082
-16364, 1576, -996, -320, -997, -586, 67181
-16564, 916, -1596, -324, 179, 546, 67281
-17288, 2440, -1040, -314, 959, 527, 67382
-16348, 1324, 40, -284, 1374, 382, 67481
-16344, 376, 20, -267, 1064, 386, 67581
-15820, 2400, 2744, -1177, 1796, 35, 67682
-15344, -3316, -3828, -7044, -729, -1140, 67781
-17888, 1684, 668, -331, -1562, -7131, 67880
-16332, -2320, 688, 3136, 8338, -17242, 67981
-12256, -4676, -2144, 3531, 7812, -23096, 68080
-12844, -9316, -1308, 1265, 2393, -15379, 68180
-8848, -10804, -1680, 1284, 5110, -17668, 68281
-7864, -15180, -2644, 935, 5526, -11933, 68380
-3552, -14896, -2852, 1147, 4436, -10450, 68481
-144, -14972, -1536, 1924, 4520, -13897, 68581
208, -15572, -1180, 17, 289, -1375, 68680
-60, -15704, -2080, 623, 42, 1459, 68781
-2112, -20008, -2048, -1494, 195, -456, 68881
-784, -15324, -3440, -970, 535, 25, 68980
-772, -15852, -2204, 23, 239, 178, 69081
-760, -15728, -2204, -569, 295, 121, 69181
-652, -15724, -2220, -308, 283, 198, 69280
-612, -15760, -2696, -472, 300, 172, 69381
-128, -15792, -2472, -169, 2262, 570, 69480
-796, -17320, 1024, -85, -2067, 1815, 69580
-464, -16808, -2196, -886, -426, 11459, 69681
-7464, -14404, -1324, -2291, -11201, 25803, 69779
-9056, -12480, -1664, 241, -6233, 32518, 69879
-15340, -12800, -6312, -5225, -7378, 18092, 69980
-15948, -1812, -148, 68, 1037, 15054, 70079
-16780, 952, -16, -306, -2639, 10761, 70179
-16876, 3168, 724, 1125, 1186, 476, 70280
-16508, 640, 244, 774, 1725, 600, 70379
-16520, 1164, -20, 346, 1401, 432, 70479
-16644, 1264, -476, -374, 68, 130, 70580
-16652, 1112, -280, -328, 59, 74, 70679
-16448, 1188, -84, -767, -537, -94, 70779
-16620, 2052, 64, -3169, -1073, -1234, 70880
-17052, 284, -200, 1253, 2180, -7687, 70979
-15744, -1848, -220, 949, 6195, -13705, 71079
-13892, -5196, -360, 2435, 9024, -17754, 71180
-13860, -7704, -2240, 2647, 6204, -12922, 71279
-11388, -10292, -3572, 2889, 5966, -10887, 71379
-9116, -12664, -3532, 1444, 2982, -9662, 71480
-6916, -13468, -2752, 598, 2225, -7641, 71578
-6204, -14264, -3112, -822, 3353, -7581, 71678
-3420, -14340, -4240, -564, 4035, -8134, 71779
-1332, -15004, -3832, 1306, 6277, -10082, 71878
-532, -15428, -4164, -813, -7073, -2079, 71979
-1088, -15616, -3216, -111, 309, 141, 72079
-1256, -15280, -4188, -198, -604, -404, 72178
-1148, -15616, -3644, 1158, -1066, -310, 72279
-800, -15620, -3240, 2134, 316, -330, 72379
-1632, -17552, -968, 3378, 123, -1056, 72478
-1200, -16344, -1220, 2033, -199, 532, 72579
-788, -16116, -1876, -570, -900, 18, 72678
-616, -15928, -1280, 92, -460, -24, 72778
-1128, -16068, -1580, 837, 1510, 591, 72879
-1196, -16112, -1352, 564, 219, 270, 72978
-988, -15976, -1144, -84, -2107, -239, 73078
-860, -16144, -980, -232, 268, 316, 73179
-776, -16200, 92, 207, 3140, 1295, 73277
-276, -17012, -2268, -1544, -1399, 3971, 73377
-1268, -16040, -1116, -1447, -6017, 11745, 73478
-7084, -14592, -260, -1435, -11124, 25911, 73577
-12116, -12756, 2504, -2501, -4158, 23481, 73677
-14876, -5904, 500, -3016, -1489, 20883, 73778
-14824, -916, 460, -4836, -2326, 18043, 73877
-16564, 1852, 944, -3906, -1875, 15616, 73977
-14704, 1512, -200, 1586, 2316, 101, 74078
-16728, 884, -668, -356, -688, 53, 74177
-16404, 1272, 336, 190, 192, 298, 74277
-16580, 1120, 228, -403, -584, -45, 74378
-16580, 1432, 148, -339, 78, 101, 74477
-16528, 1244, 116, -312, 270, 118, 74577
-16540, 1132, 40, -327, 214, 181, 74678
-16564, 1144, 32, -309, 411, 241, 74777
-16540, 1156, 188, -306, 557, 222, 74877
-16632, 1224, 24, -310, 541, 245, 74978
-16548, 980, 240, -300, 364, 204, 75077
-16576, 1172, 316, -322, 474, 170, 75176
-16532, 1072, -32, -320, 234, 128, 75277
-16480, 932, 444, -323, 487, 160, 75376
-16528, 1060, -64, -289, 835, 289, 75476
-16588, 1164, 232, -336, -87, 75, 75577
-16560, 1148, 276, -328, 112, 124, 75676
-16888, 1268, -148, -231, 298, 223, 75777
-16608, 1140, 104, -315, 375, 187, 75876
-16552, 1188, 204, -299, 496, 174, 75976
-16524, 1260, -196, -290, 636, 247, 76077
-16688, 944, 296, 316, 773, 330, 76176
-16468, 3628, 32, 1032, -1636, -174, 76276
-16504, 6040, 5876, 1131, 2327, 1106, 76377
-15888, 4032, -664, 2205, -2163, 596, 76476
-18948, -2680, -2648, -1587, 29, -977, 76576
-20464, 1308, 464, -2271, 2741, 1058, 76677
-16032, -2532, -108, -280, 596, -885, 76776
-16776, -1812, 660, 1175, 352, 439, 76876
-16284, 1124, 3056, -894, -619, 382, 76976
-16592, 808, 1028, -340, 1706, 349, 77075
-16212, 1300, 648, -260, 472, 301, 77175
-16564, 776, 564, -309, -310, 84, 77276
-16460, 1012, 680, -249, 1035, 345, 77375
-17024, 1108, 320, -288, 810, 350, 77475
-16712, 1220, 844, -304, -70, 139, 77576
-16528, 968, 988, 41, 202, 225, 77675
-16804, 968, 580, -303, 136, 79, 77775
-16536, 984, 652, -285, 744, 161, 77876
-16604, 1240, 540, -292, 556, 198, 77975
-16684, 1020, 664, -326, -234, 52, 78075
-16548, 816, 204, -305, 767, 205, 78176
-17016, -10252, -8, 555, 9, 369, 78275
-32768, -32768, 4364, -12458, -2601, 27825, 78375
-27564, 3760, 23748, -32768, 20612, -5757, 78476
-7888, 26956, 30860, -32768, 8873, -15761, 78575
-10684, 17224, 3840, -11268, 6640, -14435, 78675
-8620, 12524, -2064, -10425, 5489, -295, 78775
-10180, 11544, -3204, -6363, 1228, 1092, 78874
-12528, 11144, -1980, -1087, -2764, 1696, 78974
-15740, 9900, -1744, 2450, -2378, 1351, 79074
-17260, 10456, 820, 7537, 271, 3297, 79174
-14484, 9048, 2436, 11867, 1080, 2941, 79275
-16656, 6280, -1348, 9193, 1155, 1747, 79374
-16128, 7096, 1384, 8595, -2641, 6004, 79474
-15792, 4116, 2820, 6012, -4533, 3682, 79575
-16200, 1720, 3932, 4585, -5262, 2, 79674
-17796, 2456, 2600, 10396, -4565, -160, 79774
-16584, 2244, 1796, 9197, -10119, 1293, 79875
-16420, 2608, 5192, 7202, -2515, -2309, 79974
-18384, 2364, 2088, 8627, -220, -94, 80074
-16224, 4864, 2532, 3091, -2790, 717, 80175
-16844, 1880, 4072, 6880, 2865, -2525, 80274
-16596, -1072, 1460, 7120, -39, -224, 80374
-16908, -2580, 648, 2946, -527, -545, 80475
-17940, -1284, 964, 1263, -2483, 2479, 80573
-15956, 2568, 1568, -1988, -161, -86, 80673
-16200, 3064, 2676, -1063, 106, -46, 80774
-16204, 3316, 2688, -731, 919, 11, 80873
-16056, 3416, 2120, -612, 177, 92, 80973
-16748, 2924, 2076, -780, 285, 183, 81074
-16264, 3368, 1728, -172, 828, -332, 81173
-16960, 876, 3028, -203, 493, 358, 81273
-16716, -1168, 1712, 1146, 2597, -1019, 81374
-17408, -1528, 2120, -1948, 2314, -56, 81473
-16276, 2592, 1084, -5149, 643, 1576, 81573
-16072, 2656, 1676, -4705, 1679, 727, 81674
-17148, 2460, 2032, -7154, 3128, 195, 81773
-17316, 2908, 1240, -5291, 2073, -495, 81873
-15912, 3456, 1648, -4984, 679, 672, 81974
-15696, 3316, 1028, -6230, 3232, -1740, 82073
-17752, 1180, 400, -4297, 2860, -993, 82173
-16388, 1376, 1060, -5966, 3300, 1655, 82273
-15920, 2124, 960, -7354, 7538, -1196, 82372
-16080, 1592, -1544, -1596, 3538, -691, 82472
-16356, 4792, 284, -8910, 2572, -5566, 82572
-18184, 3800, 724, -12478, 1346, -1633, 82672
-14196, 3564, 2988, -12990, -897, -3631, 82772
-19624, 1656, 648, -12521, -1522, -3755, 82872
-16600, 8088, 2496, -14523, 2732, 7276, 82972
-13276, 10512, -1044, -4570, 1978, 3758, 83073
-14172, 8180, -1548, -3064, 1914, 817, 83172
-14408, 8160, 88, 28, 353, -87, 83272
-15512, 8380, 840, 4739, -22, 1310, 83373
-15736, 9052, 1212, 4841, 2684, 1387, 83472
-14720, 8972, 664, 9568, 425, 704, 83572
-14456, 6336, -652, 14073, -1810, 968, 83673
-15484, 3388, -1504, 9741, -1956, -2952, 83772
-15620, 1992, -1084, 15957, -143, 2319, 83872
-17872, -356, -196, 10875, 2276, 1373, 83973
-17252, 1584, -680, 13080, -2743, 7855, 84072
-16520, 3316, 128, 3453, 94, 7, 84171
-19680, 216, -420, 5022, -6234, 2993, 84272
-15436, 1388, 1824, -639, -7553, -4956, 84371
-19324, -916, 1876, -2349, 3863, -588, 84471
-16276, 1700, 1736, 3659, -4375, 2918, 84572
-16304, 3156, 1248, 1068, -1963, -25, 84671
-15840, 3744, 1780, -809, -364, -1421, 84771
-16900, 3156, 664, 341, 1039, -930, 84872
-17488, 3684, 2164, -1078, 1214, -363, 84971
-16948, 2604, 1104, 1211, 2565, -165, 85071
-16700, 1952, -56, -1155, 1921, -1199, 85172
-16292, 2040, 308, -2913, 2467, -1885, 85271
-16632, 2452, 1008, -3447, 535, 521, 85371
-15544, 3472, 760, -3329, 834, 71, 85471
-16672, 2784, 892, -2637, 259, 195, 85571
-15828, 3800, 900, -1529, -544, 623, 85671
-16388, 4456, 1512, -1957, 417, -839, 85771
-16076, 3884, 1044, 316, 47, 379, 85871
-16260, 2944, -44, 586, 477, -30, 85971
-16836, 2220, 776, -123, 148, 295, 86070
-16624, 2228, 724, -178, 484, 461, 86170
-16368, 2500, 652, -269, 317, 528, 86270
-16292, 2764, 896, -569, 246, 359, 86370
-16888, 2744, 868, -529, 593, 193, 86470
-16612, 2920, 916, -516, 514, 694, 86571
-16916, 1528, 432, -83, 1562, -49, 86670
-23140, -14356, 304, 3880, 5551, 2383, 86770
-14356, 6384, -288, -11083, 3216, 898, 86871
-12560, 13532, 8540, -13106, 6816, -3279, 86970
-12968, 8368, -5096, -2283, 2543, 1067, 87070
-14372, 6068, -1880, -1984, -801, 768, 87171
-16048, 3988, -588, 993, -581, -641, 87270
-16648, 3172, -1108, -559, -588, 988, 87370
-15752, 4644, -1484, -638, -327, 637, 87471
-16260, 4448, -472, -708, 511, 134, 87570
-14696, 6956, 532, 2259, -1285, 1142, 87670
-15376, 7312, 592, 2457, -957, -1488, 87770
-14848, 5424, 444, 1610, -1605, -276, 87869
-16080, 3020, 424, 347, -185, -1873, 87969
-16384, 1356, 476, 6312, -4132, 4392, 88070
-15924, 1132, 508, 2971, -3511, 272, 88169
-19252, -2148, -532, 4316, -381, 224, 88269
-19048, -8776, 68, 3211, 2267, 648, 88370
-29068, -18988, 872, -9115, -777, 1743, 88469
-22900, -5884, 18336, -19262, 11070, -9752, 88569
-14392, 10832, 20384, -25146, 5504, -4720, 88669
-11720, 20720, 14600, -21248, 1656, -1852, 88769
-9836, 17748, 6264, -20178, 4238, 464, 88871
-9292, 14644, -4892, -3593, 3027, 2162, 88969
-9604, 12460, -9768, 170, -1006, 3266, 89069
-12624, 14228, -8616, 2608, -4161, 1517, 89169
-14372, 13856, -524, 8122, -5268, -1011, 89269
-14064, 10912, 2420, 17375, -6538, -1962, 89369
-13628, 6448, 4664, 18923, -7582, 1280, 89469
-17120, 5556, 5640, 17388, -3629, -2141, 89569
-16068, 2696, 6844, 19807, -1434, 3270, 89668
-17016, 3172, 4048, 12934, 310, -785, 89768
-17272, 3748, 1328, 4452, -1555, 3067, 89868
-17464, 4432, 1128, -2204, -1671, 638, 89968
-18032, -140, 4612, -4840, -4019, 796, 90068
-14356, 2148, 3076, 3288, -5633, -1216, 90168
-17904, -616, 1436, 2434, 187, -5914, 90268
-17672, -1344, 2148, 4056, -3100, 705, 90369
-17620, 676, 2248, -176, -3137, 2787, 90468
-16240, 2520, 3304, 33, -2372, 1060, 90568
-16432, 2532, 3984, -516, 1129, -2097, 90669
-16288, 2832, 3736, -77, 4, 69, 90768
-16196, 3000, 3508, -81, -141, -128, 90868
-16644, 2752, 3444, -343, 254, 255, 90969
-16044, 2976, 3588, -534, 744, 300, 91068
-16292, 3152, 3440, -140, 1077, -244, 91168
-16156, 2996, 2784, -447, 1323, -174, 91269
-16612, 2588, 2948, -208, 743, 391, 91368
-16088, 2956, 2916, -165, 689, 322, 91467
-16500, 2476, 2588, -366, 865, -181, 91568
-16416, 3092, 2536, -128, -81, 300, 91667
-16256, 2684, 3140, 50, 265, -225, 91767
-16324, 2628, 2572, 257, 317, 40, 91867
-16456, 2636, 2648, 131, 36, 147, 91967
-16272, 2640, 3024, -355, 257, 261, 92067
-16692, 2644, 2604, -822, 229, 384, 92167
-16036, 3240, 3100, -329, -367, -38, 92267
-16640, 2572, 2940, 168, 340, -297, 92367
-19372, -1792, 2204, -3811, 7819, 925, 92467
-19952, -7000, 948, 1308, 3600, 5822, 92567
-17440, -508, 2868, -10899, 4103, 1029, 92667
-13276, 8492, 7532, -15229, 5248, 108, 92767
-13620, 11500, 3728, -9894, 5471, -4457, 92867
-12600, 11404, 200, -3744, 603, -396, 92967
-14488, 9160, -272, 1642, -1464, 1624, 93067
-15920, 6280, 156, 5695, -1749, 65, 93167
-17072, 3056, 2152, 5378, -2282, -726, 93266
-15604, 3300, 2540, 4460, -4458, -319, 93366
-17024, 2528, 2576, 4328, -769, -2191, 93466
-16884, 2104, 2424, 3456, -2118, 650, 93566
-16816, 1648, 2332, 3270, 1525, -1256, 93666
-17300, 992, 1608, 2383, -826, 1384, 93766
-16072, 1124, 2060, 2811, -70, -79, 93867
-17324, 712, 1508, 1432, 729, -442, 93966
-16620, 1416, 1336, 527, 258, 89, 94066
-16912, 1456, 1584, -782, 151, 775, 94167
-16464, 2196, 1808, -1381, 1168, -275, 94266
-22168, -7740, 2084, 1474, 4134, 2220, 94366
-24028, -18908, 3652, -3095, 6618, 6978, 94467
-24380, -3372, 19492, -32768, 11321, -1833, 94566
-13968, 18236, 17616, -20372, 10863, 2215, 94666
-10580, 19752, 6452, -20314, 14683, -12795, 94767
-7988, 16856, -3404, -10097, 7133, -972, 94866
-5624, 15228, -5692, 1240, -508, -345, 94966
-9580, 14072, -5608, 6193, -7131, -189, 95065
-13332, 12348, 880, 12045, -9778, -229, 95165
-19220, 7132, 6560, 14475, -6876, -3254, 95265
-21144, 4180, 9764, 22192, -9325, 2269, 95365
-20340, -228, 11148, 18492, 2940, -3629, 95465
-17584, -3388, 6020, 13915, 1342, 2374, 95565
-16200, -6216, 2400, 15107, -1587, 3850, 95665
-16784, -2908, 376, 1683, -4744, 2710, 95765
-17892, -492, 2420, -2303, -563, -1308, 95865
-17284, 968, 1688, -3555, 506, 1235, 95965
-16296, 1668, 1836, -8471, 2497, -2060, 96065
-16360, 2944, 2416, -7636, 584, -1214, 96165
-16292, 3532, 2664, -6618, 1477, -1237, 96265
-17144, 2360, 1916, -5789, 2738, -1145, 96365
-16276, 2560, 1396, -5839, 1528, -142, 96465
-16204, 2668, 1912, -6414, 973, -548, 96565
-16348, 3012, 2064, -5485, 993, 130, 96665
-15480, 4560, 2152, -2785, -762, 1171, 96765
-14744, 6860, 3148, -4, -1994, 374, 96864
-16560, 6324, 2136, 3303, 316, -4795, 96964
-18368, 1872, 956, 5333, -1604, 306, 97064
-16520, 1208, -624, 3880, 2916, 2005, 97164
-17968, -576, 336, 3956, -2049, 495, 97264
-15764, 260, -1732, 3358, -1202, 1321, 97364
-16416, -904, 4560, -2612, 238, -2285, 97464
-17700, -272, 3460, -4559, 7055, -3939, 97564
-16064, -464, 4240, 641, -158, -205, 97665
-15752, 2292, 3316, 4170, -6750, 4522, 97764
-19476, 428, 1520, 6029, 2989, 458, 97864
-16600, 120, 1592, 6121, 1743, 581, 97965
-16544, 1116, 1720, -264, 998, 244, 98064
-16512, 960, 1316, -283, 923, 255, 98164
-16584, 868, 1444, -247, 1190, 372, 98264
-16588, 908, 1336, -207, 2311, 587, 98364
-16504, 952, 40, -114, 4318, 901, 98464
-15840, 644, -716, -4788, -3517, -630, 98564
-17088, -248, 2728, -708, 2374, 695, 98663
-16548, 1236, -392, -332, 29, 379, 98763
-16056, 996, 508, -674, 5285, 2883, 98863
-14376, 3356, 420, 1975, 20569, 3522, 98963
-7996, 2728, -7160, -2737, 32767, 4978, 99063
-6860, 3980, -11356, -2561, 19931, 3515, 99163
-1328, 1284, -13928, 4007, 24316, 3687, 99263
1116, 2012, -15300, 1084, 15932, 3843, 99363
-1416, 1148, -14728, 521, 1682, -2629, 99463
-48, 3376, -15036, 153, 1127, -4240, 99563
1660, 3164, -14548, -324, 307, 586, 99663
2000, 3068, -14472, -371, 87, 980, 99763
1760, 2976, -14336, -326, 278, 132, 99863
1724, 2976, -14368, -318, 289, 161, 99963
1688, 2984, -14384, -300, 271, 134, 100063
1696, 2936, -14436, -294, 275, 160, 100163
1724, 2924, -14316, -314, 267, 132, 100263
1748, 3016, -14332, -311, 283, 171, 100363
1804, 2880, -14340, -308, 274, 156, 100462
1704, 2972, -14352, -313, 261, 165, 100562
1664, 3064, -14584, -321, 268, 171, 100662
1656, 3096, -14504, -322, 293, 140, 100762
1752, 2936, -14372, -313, 292, 177, 100862
1688, 3052, -14576, -313, 291, 176, 100962
-1412, 4652, -16736, 425, 437, 2278, 101062
1540, 2872, -13336, -834, -880, 5939, 101163
-812, 1332, -14972, -1415, -2052, 11912, 101262
900, 3120, -14128, -750, -399, 3657, 101362
1712, 2972, -14380, -309, 291, 114, 101462
1656, 2904, -14424, -315, 286, 153, 101562
1656, 2848, -14508, -319, 276, 154, 101662
1724, 2924, -14400, -324, 301, 155, 101762
1768, 2856, -14324, -307, 292, 191, 101862
1692, 2992, -14652, -294, 281, 174, 101962
1792, 2916, -14272, -307, 293, 163, 102062
1656, 2948, -14520, -299, 287, 136, 102162
1672, 2944, -14300, -300, 312, 143, 102261
1752, 2996, -14456, -322, 298, 153, 102361
1696, 2988, -14268, -300, 271, 147, 102461
1696, 2884, -14380, -320, 286, 155, 102561
1708, 3072, -14332, -299, 291, 150, 102661
1700, 3012, -14384, -311, 299, 151, 102761
1664, 2940, -14488, -293, 281, 138, 102861
1612, 2996, -14560, -298, 302, 155, 102961
1660, 2972, -14320, -273, 260, 151, 103061
1688, 2920, -14384, -301, 271, 134, 103161
1592, 2928, -14472, -316, 286, 151, 103261
1588, 2948, -14404, -314, 289, 164, 103361
1656, 2832, -14344, -312, 308, 140, 103461
1664, 3028, -14400, -320, 286, 156, 103561
1704, 3000, -14428, -307, 286, 180, 103661
1624, 2876, -14456, -303, 285, 166, 103761
1664, 3060, -14292, -315, 307, 167, 103861
1608, 2980, -14348, -313, 279, 152, 103961
1692, 3032, -14320, -322, 276, 135, 104061
1540, 3024, -14416, -318, 295, 156, 104160
1616, 2908, -14472, -312, 285, 150, 104260
1604, 2944, -14380, -318, 269, 131, 104360
1696, 2972, -14308, -304, 307, 161, 104460
1644, 3028, -14400, -328, 292, 155, 104560
1728, 2916, -14376, -320, 294, 145, 104659
1684, 2960, -14248, -294, 271, 187, 104760
1688, 3000, -14488, -338, 270, 145, 104860
1876, 2940, -14284, -314, 287, 175, 104960
1692, 2912, -14216, -290, 276, 147, 105060
1700, 2996, -14460, -327, 278, 144, 105160
1668, 2908, -14452, -333, 289, 147, 105260
1736, 2972, -14344, -305, 283, 172, 105360
1688, 2928, -14456, -317, 303, 149, 105460
1752, 3024, -14316, -327, 282, 152, 105560
1612, 2888, -14444, -339, 284, 166, 105660
1732, 3000, -14320, -315, 294, 179, 105760
1676, 2956, -14380, -299, 291, 144, 105859
1644, 2920, -14368, -289, 278, 150, 105959
1688, 2844, -14476, -305, 290, 148, 106059
1632, 2860, -14324, -320, 282, 164, 106159
1596, 2908, -14304, -314, 270, 153, 106259
1728, 3068, -14516, -319, 272, 161, 106359
1612, 2952, -14400, -306, 277, 141, 106459
1720, 2852, -14640, -321, 286, 168, 106559
1708, 2792, -14396, -296, 262, 147, 106659
1688, 2876, -14316, -298, 287, 132, 106759
1660, 2996, -14296, -319, 279, 169, 106859
1648, 2972, -14388, -317, 299, 159, 106959
1720, 2932, -14320, -308, 271, 157, 107059
1792, 2880, -14436, -315, 269, 140, 107159
1740, 2936, -14332, -301, 261, 166, 107259
1724, 2992, -14420, -317, 296, 145, 107359
1676, 3080, -14388, -309, 250, 158, 107459
1688, 2860, -14568, -281, 304, 154, 107559
1784, 2920, -14568, -312, 263, 160, 107659
1628, 2876, -14308, -291, 288, 148, 107758
1684, 3020, -14516, -304, 260, 137, 107857
1720, 3036, -14440, -322, 270, 183, 107958
1664, 2948, -14376, -289, 291, 173, 108058
1644, 3000, -14284, -296, 286, 155, 108157
1680, 2908, -14508, -307, 270, 153, 108258
1716, 2932, -14376, -336, 255, 156, 108358
1720, 2920, -14420, -309, 308, 154, 108457
1724, 2956, -14296, -329, 306, 162, 108558
1672, 2932, -14456, -323, 271, 158, 108658
1696, 2904, -14252, -334, 310, 167, 108758
1688, 3016, -14344, -325, 295, 167, 108858
1600, 3040, -14500, -315, 316, 157, 108958
1636, 2972, -14360, -304, 278, 149, 109058
1632, 2800, -14300, -304, 248, 139, 109158
1616, 2964, -14424, -295, 292, 122, 109258
1824, 2904, -14344, -328, 288, 157, 109358
1776, 2964, -14412, -303, 289, 170, 109457
1724, 3016, -14404, -312, 268, 161, 109557
1604, 2916, -14368, -307, 298, 149, 109657
1684, 2880, -14464, -293, 282, 159, 109757
1692, 2916, -14412, -318, 302, 152, 109857
1764, 3016, -14380, -298, 294, 161, 109957
1592, 2880, -14352, -307, 312, 151, 110057
1792, 2988, -14472, -311, 319, 143, 110157
1716, 3012, -14372, -313, 315, 153, 110257
1712, 2912, -14400, -303, 283, 147, 110357
1588, 2932, -14356, -318, 296, 150, 110457
1852, 2856, -14428, -316, 301, 152, 110557
1728, 2936, -14392, -286, 273, 146, 110657
1684, 2912, -14244, -304, 320, 154, 110757
1676, 3112, -14420, -311, 279, 164, 110857
1676, 2812, -14460, -308, 291, 148, 110957
1648, 2832, -14376, -314, 302, 143, 111056
1788, 2956, -14372, -313, 274, 165, 111157
1688, 2932, -14368, -299, 281, 161, 111256
1540, 2944, -14368, -307, 277, 162, 111355
1712, 2940, -14440, -294, 295, 164, 111456
1620, 2988, -14360, -322, 295, 147, 111556
1672, 2964, -14228, -323, 259, 180, 111655
1640, 2868, -14236, -332, 285, 157, 111756
1644, 3048, -14492, -299, 298, 142, 111856
1692, 2900, -14356, -323, 267, 145, 111955
1640, 2824, -14392, -303, 292, 141, 112056
1660, 2848, -14380, -332, 274, 141, 112156
1668, 2992, -14192, -315, 283, 153, 112256
1608, 2916, -14356, -298, 285, 142, 112356
1740, 2936, -14392, -318, 308, 165, 112456
1668, 2880, -14428, -298, 271, 158, 112556
1688, 2808, -14256, -316, 266, 155, 112656
1688, 2940, -14388, -310, 287, 180, 112756
1576, 2956, -14396, -304, 291, 164, 112856
1684, 3072, -14408, -331, 277, 152, 112956
1668, 2928, -14484, -290, 271, 138, 113055
1612, 2896, -14528, -301, 326, 168, 113155
1600, 2900, -14640, -317, 271, 167, 113255
1616, 2896, -14408, -317, 278, 149, 113355
1780, 2948, -14452, -332, 274, 144, 113455
1644, 2956, -14464, -321, 275, 153, 113555
1704, 2988, -14348, -327, 296, 168, 113655
1608, 2880, -14384, -302, 291, 162, 113755
1652, 2984, -14516, -314, 285, 171, 113855
1596, 2968, -14344, -310, 291, 144, 113955
1716, 2944, -14420, -303, 277, 165, 114055
1612, 2996, -14436, -313, 292, 153, 114155
204, 2992, -13316, -412, 933, 458, 114254
1552, 3016, -14488, -460, 171, 1457, 114355
340, 2024, -15192, -1754, -2486, 14950, 114455
736, 2256, -16128, -889, -1160, 12176, 114554
2600, 2384, -8484, -1027, 364, 9238, 114655
-2560, 4912, -16600, -3640, -5048, 9552, 114755
148, 5848, -9488, -28267, 4407, 2727, 114854
3684, 12684, -11544, -32768, 17506, 5218, 114954
5620, 11456, 700, -32768, 13086, 6341, 115054
5032, 9660, 8792, -32768, -9296, 466, 115153
10040, 4568, 10840, -28806, -11107, -3002, 115254
13888, 3444, 13292, -10772, -11683, -8305, 115354
11404, 3948, 13116, -11916, -13817, -2773, 115453
14300, 2928, 8724, -17055, -23578, -10253, 115554
15736, 5476, 3200, -11438, -26089, -9611, 115654
16372, 2076, 780, -996, -7417, 969, 115753
14784, 5540, -12, -1594, -535, -1246, 115854
14308, 3640, -372, -4837, -9022, 6349, 115954
14596, 3260, -1292, -7109, -5910, 5103, 116054
14980, 3980, -1808, -6007, -4000, 3302, 116154
15816, 192, -2200, -2648, 773, 8082, 116254
17368, 684, -2552, -11586, 762, 7259, 116354
18696, 1400, -3220, -8006, -5833, -1496, 116454
13372, 520, -4104, -8945, -731, 2334, 116554
14120, 536, -2172, -7609, -3631, -4441, 116654
15756, 4316, -5528, -3438, -8958, 4138, 116753
9756, 2312, -5884, -4165, -18827, -2331, 116853
11912, 3100, -8828, 1171, -1430, 918, 116953
12708, 2748, -9612, 4674, -9310, -1770, 117053
9980, 1392, -10816, 3580, 1558, 338, 117153
9112, 640, -11340, 3266, 2623, 1776, 117253
10652, 348, -10440, -1611, 1401, -2005, 117353
9592, 1716, -10784, 77, 209, -534, 117452
11892, 2448, -9860, -5927, -2966, 107, 117553
11956, 2540, -10968, -6168, -12084, 8534, 117653
8484, 2624, -14388, -9500, -3207, -1313, 117752
9804, 3752, -8924, -6771, -321, -139, 117853
10764, 3500, -11624, 2600, 2030, -870, 117953
9344, 4788, -11160, -4495, 989, -2989, 118052
5072, 6644, -9808, -1930, -8640, -2363, 118153
9568, 7472, -12128, 10001, -3918, -1579, 118253
11432, 5872, -13604, 3715, -3883, -14119, 118352
5544, 5416, -12032, 4252, -5711, -15717, 118453
4644, 5324, -14612, -2797, 3688, -13958, 118552
2928, 5136, -15280, -2343, 770, -13887, 118651
448, 4348, -12816, -3645, 1830, -11581, 118752
-684, 4452, -12052, -563, 1727, -7492, 118852
-1976, 4160, -11320, 2491, 2850, -3993, 118951
-4044, 888, -9832, 17401, 8530, 9639, 119052
640, -2208, -14312, -741, 14163, 16322, 119152
6632, 4264, -20740, -3268, 8761, 11612, 119251
7708, 5612, -13532, -1013, -3097, 16661, 119352
10004, 3500, -11484, -17472, 7782, 12907, 119452
9156, 9524, -7492, -9628, 7290, 1955, 119552
15048, 3844, -16508, 12219, -24340, -3245, 119652
7108, 1700, -13040, -13098, -3775, -7757, 119752
5280, 6316, -10928, -7787, -1510, -6369, 119852
3680, 5672, -12984, -27, -1667, 2195, 119952
5060, 5960, -13624, 2440, 89, 1314, 120052
4092, 5832, -13096, 22, 1212, -510, 120152
3884, 5632, -13320, 724, 713, 43, 120252
3332, 4856, -12888, -784, 1161, 1261, 120351
5676, 6972, -13956, -170, -1773, -608, 120451
4596, 5820, -13272, 409, 903, 482, 120551
3476, 5012, -12932, -1005, -1017, -594, 120650
3316, 6384, -13260, -1094, 2579, 1224, 120751
4288, 5836, -12424, -1084, -314, -208, 120851
5060, 6472, -14072, 766, -831, -414, 120950
3180, 5020, -12320, -1546, 1145, 626, 121051
5580, 7132, -13632, 1704, -584, 180, 121151
4068, 4848, -13196, 1659, 957, 1171, 121250
3404, 4652, -12436, -1216, -760, -483, 121351
4436, 5920, -14924, 284, 2438, 1200, 121451
3900, 3580, -11916, -10, 701, 669, 121550
4028, 5636, -13556, -971, -688, -912, 121651
4236, 5784, -13192, 206, 2624, 1688, 121751
5232, 5168, -13064, -984, -1239, -640, 121850
4984, 6264, -14340, -295, -621, -688, 121951
3572, 4540, -11940, -827, 1963, 1202, 122051
6156, 7152, -14512, 104, -1678, -939, 122149
4860, 5644, -13248, 571, 743, 498, 122250
3420, 4448, -12164, -1311, -322, -314, 122350
5100, 6620, -14440, 159, 909, 500, 122449
3944, 3720, -11732, 729, 914, 1013, 122550
3764, 4796, -12864, -1275, -1135, -885, 122650
4140, 6384, -14088, 615, 2721, 1502, 122749
4560, 3868, -11664, 220, 35, 664, 122850
3888, 5292, -13596, -1295, -708, -961, 122950
4096, 6360, -13936, 696, 2575, 1328, 123049
4548, 3892, -11948, -248, 0, 422, 123150
4200, 5824, -14192, -739, -490, -748, 123250
4548, 5320, -15776, 5526, 5508, 4478, 123350
7852, 2696, -10748, -6381, -1840, 8439, 123450
9860, 4184, -17076, 14592, -9645, -1465, 123550
5280, 2516, -19880, -1376, -14811, -1917, 123650
1640, -1164, -17556, 6032, -32618, -2468, 123750
32767, -32768, 32767, 32767, -3946, -6167, 123849
-11788, 928, -2856, 3268, -32768, -2641, 123949
-18648, 2596, -1444, -10497, -13872, -2984, 124049
-18684, -24, 3504, -12173, -15976, -866, 124148
-17644, 1532, 5720, -14705, -3474, 9185, 124249
-15552, 1512, 4524, -8047, -12183, 4855, 124349
-13580, 1472, 7120, -13616, -19398, 11337, 124448
-10820, 6464, 11668, 6112, -14495, 28233, 124549
-10576, 13848, 11788, -4479, -10706, 23756, 124649
-3196, 12576, 15652, -5699, -6798, 21265, 124748
3444, 7180, 14924, -194, -3020, 16171, 124849
3564, 7548, 13616, 5652, 2210, 12096, 124949
4268, 9904, 13168, -5587, 5759, 11366, 125048
3124, 2528, 12676, -9135, -6464, 23236, 125149
11620, -840, 14612, 14772, -10497, 32767, 125249
14172, 2252, 11784, 10644, 1109, 19769, 125348
12728, -2064, 11276, 1848, -11855, 3206, 125449
11236, -772, 8916, 13697, -8447, -1383, 125549
8728, 4364, 6848, 11095, -16290, -15654, 125648
8032, 8056, 3984, 11359, -25609, -28368, 125748
3792, 12932, -1400, 18526, -17451, -30081, 125848
1856, 14704, -12824, 30047, -10241, -16788, 125947
6664, 3276, -15928, 24160, 13109, 12510, 126048
5324, -4700, -21516, -9186, -4118, 14582, 126148
4980, -2476, -18348, -7886, -18201, 12477, 126247
-1712, 3468, -14536, -6221, -10209, 9227, 126348
-2664, 4204, -14816, -2077, -2459, 674, 126448
640, 4800, -13660, 229, -961, -1055, 126547
404, 4132, -14772, -1602, 230, 1513, 126648
-820, 4560, -14412, -1087, -987, 432, 126748
-596, 4824, -13972, -938, 1537, -53, 126848
60, 5540, -13660, 2458, 33, 561, 126948
576, 4172, -15068, -2458, 228, -159, 127047
-608, 4780, -14116, -417, -681, -227, 127148
-640, 5060, -13556, -704, 948, 391, 127248
180, 5092, -13968, 1758, -19, 298, 127347
316, 4124, -14724, -1992, 375, 59, 127448
-124, 4876, -14540, -666, -706, -747, 127547
-808, 5312, -12952, -709, 665, 412, 127646
-16, 5280, -14500, 1389, 110, 203, 127747
-352, 4332, -13756, -135, 1071, 1013, 127847
-64, 4768, -14664, -1603, 125, -600, 127946
-552, 5424, -13404, 806, -95, 419, 128047
-152, 3976, -14972, -2408, -281, -555, 128147
-864, 5204, -13468, 265, 146, 273, 128246
-472, 5212, -13596, -882, 795, 229, 128347
140, 5548, -14516, 1779, 60, 420, 128447
-408, 4176, -13808, -693, 912, 1007, 128546
-88, 4996, -14620, -1128, 205, -791, 128647
-600, 5320, -13272, 89, 255, 414, 128747
-480, 4564, -14672, -841, -102, -72, 128846
-816, 5160, -13584, 511, 525, 565, 128947
-400, 5136, -13976, -1037, 674, 73, 129047
108, 5384, -13956, 1533, -258, 198, 129146
-40, 3664, -14444, -1763, 360, 465, 129247
-404, 5132, -14440, -892, -12, -865, 129346
-744, 5296, -13072, -288, 499, 430, 129445
-120, 4828, -15056, -495, 81, 24, 129546
-912, 5004, -13252, 708, 506, 779, 129646
-416, 5024, -13828, -975, 769, -4, 129745
-112, 5544, -13912, 891, -184, 245, 129846
56, 3668, -15256, -2316, -174, -15, 129946
-644, 5188, -14076, -310, -129, -630, 130045
-672, 5316, -13236, -585, 628, 264, 130146
40, 5304, -14336, 1048, 254, 374, 130245
-632, 4372, -13852, -53, 1054, 1129, 130345
-64, 4856, -14616, -1013, 474, -544, 130446
-516, 5584, -13596, 489, -7, 365, 130545
-308, 4140, -14864, -1853, -241, -103, 130646
-676, 5300, -13304, 537, 91, -30, 130746
-576, 5028, -13660, -868, 696, 313, 130845
80, 5384, -14076, 1138, -123, 305, 130946
-96, 3944, -14540, -1471, 574, 604, 131046
-256, 4872, -14740, -712, -92, -811, 131144
-796, 5500, -12944, -296, 386, 318, 131245
-452, 4892, -14708, 55, 41, 124, 131345
-920, 5024, -13132, 288, 651, 936, 131444
-48, 4800, -14168, -224, 810, -119, 131545
-264, 5124, -14456, -364, 142, 97, 131645
-504, 4920, -14100, -246, -11, 301, 131744
-620, 4704, -13912, -255, 327, 83, 131845
-312, 5016, -13968, -402, 363, 207, 131945
-360, 4936, -14016, -333, 287, 217, 132044
-384, 4940, -14152, -339, 299, 132, 132145
-516, 4960, -13944, -269, 352, 168, 132245
-480, 4936, -13892, -321, 206, 105, 132344
-448, 4920, -14052, -115, 526, 22, 132445
-176, 5064, -14596, -638, 767, 430, 132545
-60, 4764, -13064, 82, 604, 31, 132644
-248, 4820, -14124, -356, 656, 637, 132745
-52, 5060, -14272, -354, 3213, 660, 132845
636, 4228, -13916, -109, 7653, 887, 132944
2124, 4908, -13896, 670, 6432, -15, 133044
3788, 4312, -13936, 1578, 4780, -181, 133144
4432, 3504, -13256, 684, 2773, 98, 133243
4344, 3968, -13268, -538, 392, 182, 133344
4772, 4752, -13656, 634, -2495, -449, 133443
4232, 3884, -13748, -91, 260, 584, 133543
3824, 3652, -14364, -331, 1271, 50, 133644
5276, 2880, -19496, 649, 1443, -1448, 133743
2892, 4032, -15056, -32293, -9168, -17602, 133843
-1624, 11192, -13804, -32768, 4681, -4964, 133944
-380, 14244, -2156, -32768, 10610, 785, 134043
2832, 15052, 11132, -27069, 10164, 6249, 134144
-480, 12636, 12064, -21069, 87, 1873, 134244
-236, 5152, 17476, -14855, -3984, 3751, 134343
2552, 6656, 14136, -6599, -11553, 4735, 134444
5716, 3856, 14500, -11530, -6931, -2304, 134544
4072, 4420, 14380, -4803, 3311, 1035, 134643
4444, 2676, 15712, -1448, -3334, 683, 134744
7328, 3460, 15408, 1724, -2520, -999, 134843
6156, 5212, 15804, -442, -3272, -2740, 134942
7612, 4920, 13892, 540, 1195, -1029, 135043
6244, 2968, 13872, 635, 2152, -4579, 135143
6168, 5548, 16684, -1416, 1124, -6529, 135242
4524, 7644, 18236, 748, 2457, -6028, 135343
4296, 8320, 16680, 3092, -2192, -2906, 135443
3836, 7204, 16272, 9567, 3832, 723, 135542
6704, 8220, 13884, 3968, -1608, -146, 135643
5796, 5968, 14248, -4653, 6966, -2886, 135743
2980, 5704, 15304, 14757, 14122, 9770, 135842
-2900, 14136, 12416, 2766, 3742, -6729, 135943
-156, 12576, 15176, -2288, 3562, -1863, 136043
-756, 14720, 10972, 13871, -200, 7465, 136142
4456, 11600, 13060, -1842, -1037, -4577, 136243
-1724, 12816, 12324, -2746, 143, -1308, 136343
232, 13508, 11716, 3851, -125, 3427, 136442
2420, 13820, 11384, 995, 1735, 3353, 136543
1324, 11792, 12792, -4344, 30, -94, 136641
952, 12660, 11832, 3354, -725, 1705, 136741
1412, 13580, 11180, -4058, -4916, -2723, 136842
952, 9864, 13004, -9744, -1066, -4738, 136941
-164, 12320, 11564, 11962, 8519, 2378, 137041
380, 14504, 11776, -2863, -6549, 529, 137142
1428, 9684, 12188, -10052, -4401, 6125, 137241
4968, 10492, 15740, -4605, -3193, -3650, 137341
-380, 13500, 14056, 1029, 4570, -1352, 137442
-296, 9548, 14904, -146, -4908, -3299, 137541
2324, 10500, 12148, -5776, 849, 8757, 137641
6980, 10176, 19732, -9878, -1713, -1991, 137742
1072, 9200, 14052, 2009, 9768, 1346, 137841
-728, 10008, 15608, -97, 6347, 5985, 137942
-1052, 9704, 16120, -1202, 1757, 2801, 138042
-296, 8524, 14900, 1283, -798, 3201, 138141
560, 9648, 15132, 901, -572, -61, 138242
1028, 9684, 15080, 812, 452, -1184, 138341
588, 9572, 15016, -508, -284, 191, 138440
484, 10052, 15388, -478, 451, -690, 138541
540, 9684, 15004, -705, 55, -404, 138641
784, 9128, 14856, -240, -181, -47, 138740
564, 9828, 15368, 148, 695, -6, 138841
428, 9424, 15388, -442, 914, 231, 138941
408, 9468, 14756, 774, -181, 40, 139040
700, 9648, 14864, -301, 266, 221, 139141
260, 9620, 15224, -292, 953, 340, 139241
436, 9832, 14804, 572, -232, 139, 139340
632, 10240, 14804, -293, 1050, 141, 139441
-180, 9232, 15136, -578, 900, 83, 139541
376, 10044, 14868, 721, -924, -127, 139640
1008, 10796, 14448, 417, -276, 497, 139741
208, 9344, 14920, -949, 1258, 400, 139840
8, 9944, 14796, -90, 91, -288, 139940
724, 10304, 14388, -458, -244, 102, 140041
380, 10036, 14720, -1040, 1389, 55, 140140
272, 9808, 15068, -172, 96, 125, 140239
440, 9880, 14908, -378, 390, 62, 140340
408, 9908, 14476, -64, 53, 22, 140439
416, 9896, 14716, -513, 653, 228, 140539
196, 9860, 14956, -424, 185, 283, 140640
612, 10088, 14828, -243, 134, 120, 140739
228, 10012, 14904, -262, 352, 188, 140839
416, 9956, 14776, -214, 276, 136, 140940
320, 9872, 14804, -145, 432, 53, 141039
380, 9944, 14744, -206, 102, 112, 141139
296, 10160, 14684, -368, 409, 174, 141240
348, 9980, 14864, -229, 325, 118, 141339
428, 9996, 14828, -305, 288, 203, 141440
308, 10052, 14724, -331, 403, 237, 141540
432, 9952, 14792, -235, 246, 158, 141639
324, 9960, 14644, -204, 400, 149, 141740
432, 10008, 14648, -323, 269, 188, 141840
316, 9916, 14788, -275, 326, 146, 141939
380, 10100, 14788, -206, 291, 126, 142039
340, 10036, 14808, -331, 304, 130, 142139
256, 10120, 14712, -325, 281, 194, 142238
272, 9988, 14796, -166, 360, 18, 142339
264, 10024, 14648, -316, 244, 133, 142439
456, 10200, 14768, -347, 292, 106, 142538
312, 10132, 14824, -297, 364, 138, 142639
360, 10080, 14604, -246, 250, 137, 142739
212, 9960, 14688, -310, 437, 130, 142838
408, 9904, 14728, -339, 214, 222, 142939
128, 10020, 14680, -357, 256, 165, 143038
368, 10048, 14784, -346, 237, 169, 143138
220, 9992, 14764, -504, 362, 201, 143239
376, 10048, 14704, -295, 341, 160, 143339
260, 9996, 14724, -413, 274, 217, 143438
292, 10132, 14832, -383, 287, 234, 143539
268, 9892, 14716, -219, 327, 76, 143638
320, 10008, 14684, -269, 302, 152, 143738
300, 10064, 14884, -251, 276, 154, 143838
328, 9884, 14692, -345, 375, 96, 143937
328, 10024, 14716, -278, 232, 126, 144037
356, 10040, 14824, -302, 356, 202, 144138
400, 9928, 14824, -292, 183, 240, 144237
228, 10056, 14812, -385, 395, 202, 144337
344, 9896, 14956, -216, 158, 62, 144438
444, 9924, 14724, -443, 393, 240, 144537
184, 9880, 14824, -307, 234, 214, 144637
320, 10076, 14648, -302, 247, 137, 144738
232, 9964, 14864, -246, 394, 114, 144837
72, 9388, 15312, 1073, -447, 363, 144937
-968, 8544, 13892, 17297, 1351, 4378, 145038
1240, 15484, 9792, 28276, 10339, 9787, 145137
2176, 16468, 1020, 32767, 2232, 13977, 145238
4976, 7052, -7228, 32767, -32768, 12248, 145338
532, 3912, -11880, 8383, -17229, -1824, 145437
-504, 6620, -18504, 10526, 6308, 3055, 145538
660, 3028, -13864, 5702, -13625, 2786, 145637
-3672, 1588, -15172, 501, 945, 2484, 145736
-1236, 1320, -13956, 4187, -1780, -64, 145837
-1980, 1100, -14300, 2798, 2523, -1657, 145937
-896, -576, -15108, 782, 1502, 298, 146036
-1188, 232, -14808, -516, 380, 184, 146137
-1084, 140, -14692, -585, 395, -101, 146236
-1060, 292, -14476, -509, 593, 98, 146336
-1092, 256, -14748, -449, 407, 141, 146437
-1064, 252, -14644, -448, 414, 102, 146536
-900, 528, -14716, -520, -197, 169, 146636
-876, 880, -14912, -3530, 11225, -821, 146737
4884, 2596, -15588, -6025, 32767, 9634, 146836
13704, 2484, 280, 12824, 32767, 21159, 146936
22200, -6600, 5976, 1279, 2833, -5177, 147037
13144, -2476, 4396, -636, 657, -2268, 147136
15408, -292, -1064, -2534, -24055, -5898, 147236
20148, 5224, -16584, 8486, -32768, -16440, 147337
-8928, -3284, -10084, 445, 689, 10332, 147435
-9336, 3732, -15364, -79, 5563, 7393, 147535
-3944, 1048, -13784, -29, 7031, 1697, 147636
-1468, 1028, -11916, -3113, 710, 13279, 147735
-7280, 4592, -14368, -842, 1068, 4090, 147835
-3912, 2296, -14072, 4960, 4401, 7790, 147936
-7644, 1348, -15488, -6186, -6759, 24343, 148035
1092, 7996, -11420, 712, -3555, 27897, 148135
400, 3184, -16176, 3792, 4222, -464, 148236
5524, 8212, -10440, 4206, 6528, -32768, 148335
-3896, 240, -13332, 21362, 23560, -31984, 148435
14088, -8776, -18824, 283, -1968, -4184, 148536
-3736, -9700, -13340, -25287, -24763, 32767, 148635
11272, 11512, -13684, 1682, -8141, 32767, 148736
-1168, -3268, -17436, 1097, 4217, 1512, 148836
6316, 7664, -12548, -4932, 3078, -32768, 148935
-11852, -956, -15280, 8826, 18819, -32768, 149036
8960, -5720, -19588, 9504, 11194, -4919, 149136
-1992, -6692, -13956, -19087, -23085, 32767, 149234
8480, 14272, -9656, -4045, -11078, 32767, 149335
536, 500, -15548, -735, 9342, -11316, 149434
-540, 13316, -8264, 4424, 1214, -32768, 149534
-5952, -2040, -15328, 8924, 16704, -26865, 149635
3016, -2008, -19140, 1599, -1700, 4552, 149734
-4160, -556, -13608, -10252, -11578, 32767, 149834
7640, 8276, -13596, 3442, -4280, 24659, 149935
2264, -1652, -11768, -890, 3772, -25139, 150034
-10656, 196, -19072, -17632, -16378, -5687, 150134
-3144, 5932, -14836, 6143, 4322, 5178, 150235
-1316, -2068, -18840, 32767, 32767, 14783, 150334
8452, -2648, -5444, 32767, 23707, 12043, 150434
4564, -14716, 452, 14235, 3808, 1420, 150535
5632, -10480, -12852, -32768, -32768, -23751, 150634
6960, -344, -15336, -32768, -32768, -17906, 150734
-2312, 3560, -14288, 18629, 20037, 1773, 150835
6168, -292, -16408, 32767, 32767, 17213, 150934
11384, -5172, -6920, 32767, 32767, 13261, 151033
1768, -8864, 9936, 32767, 32767, 7207, 151134
15476, -16224, 13032, -13751, -10010, -3243, 151233
7056, -8312, 7928, -4456, -5980, -2851, 151333
14684, -13132, -2468, -32768, -32768, -7082, 151434
6008, -7996, -11068, -32768, -32768, -16983, 151533
-3532, 3764, -12500, -30390, -22825, -4224, 151633
-3552, 10600, -13400, 20005, 13516, 11586, 151734
-2244, 8000, -12348, -5164, -4818, -521, 151833
-3232, 8564, -13048, -7254, -5627, -651, 151933
-3388, 9000, -10416, -2158, -1350, 1768, 152034
-4096, 8640, -11408, 1819, 1193, 1886, 152133
-2652, 7580, -12620, 13759, 8166, 7342, 152233
692, 5896, -13580, 15894, 13203, 9542, 152334
3580, 2348, -16036, 10430, 5830, 3436, 152433
3480, 2428, -15256, -1779, -5740, -4855, 152534
128, 7768, -14700, -12171, -6809, -27899, 152633
-3376, 2100, -9956, 8748, 10957, -21826, 152733
1584, 388, -10400, -4703, 4941, -20549, 152833
10228, 1936, -15540, -4264, 8898, -9549, 152932
3956, 240, -20800, 2959, -1904, 7171, 153032
3604, -6040, -21776, 1470, 5062, 7501, 153133
8420, -8724, -18936, -5756, 25291, -24103, 153232
4232, -10688, -20608, 14391, 25610, -32768, 153332
2008, -10964, -15484, 12322, 32767, -32768, 153433
-1188, -22212, -23920, 6429, 15878, -32768, 153532
-6772, -17508, -13724, -11198, 6125, -32768, 153632
-7168, -11704, -13428, -7162, 13222, -4554, 153733
-6360, -18432, -32768, 14316, 11091, 8412, 153832
9316, -12444, -24596, -27322, -30530, 32767, 153932
25640, 4576, -5720, -32768, -32768, 32767, 154033
22436, -9832, 220, -32768, -28282, 32767, 154132
11756, -6920, -3928, -15320, -166, -7108, 154232
-3072, -84, -13520, -6057, -32768, -12351, 154333
8764, -5380, -24988, -15489, -13812, 32767, 154432
22676, -13940, -32768, -22319, 28501, 32767, 154532
18104, -1628, -22752, 14022, 32767, -6341, 154632
7868, 7080, -5528, 8917, 32767, -496, 154731
-11516, -5016, 8376, -3947, 32767, 6777, 154831
-1380, -3324, 6804, 32767, 8917, 8624, 154932
-2840, 3168, 4160, 32767, -9819, -21931, 155031
-6816, 21740, -11736, 32767, -14902, -15323, 155131
-9728, 20456, -14020, 23618, -20084, -2502, 155232
-5164, 18336, -20540, 10385, -23515, 32767, 155331
10040, 15028, -21756, -8325, -15943, 32767, 155431
14452, 10084, -10516, -32768, 32767, 32664, 155532
5288, -4032, 6316, -32768, 32767, 10937, 155631
4512, -6676, 13084, 29267, 20477, 22043, 155731
3048, 1052, 7620, 32767, 17406, -13735, 155831
964, 15796, 2104, 32767, 6463, 7220, 155931
11464, 19256, -7920, 22478, 22895, 32262, 156032
19536, 6328, 4168, 1887, 30457, 32767, 156131
14420, -2108, 11796, 16484, 32767, 32767, 156231
940, -3724, 16372, 8774, 32767, 32767, 156332
-8248, 3460, 13092, 28214, 10105, 5335, 156430
-14216, 5848, 11180, 8512, -4555, 6120, 156730
-10328, 10308, 9868, 12598, -32768, -15167, 156830
-204, 15396, 7592, 26266, -32768, -19369, 156931
1476, 13832, 8408, 6521, -32768, -16994, 157030
1088, 13636, 1496, 11647, -32768, -6417, 157130
1488, 9620, -1332, 13069, -32768, 2692, 157231
-5040, 10136, -9176, 19940, -32768, 10210, 157330
-2832, 7972, -8448, 24630, -4180, 30219, 157430
5212, 940, -13408, 31563, -11294, 32767, 157531
9332, -5028, -13884, 21239, -1280, 25295, 157630
4336, -8924, -13732, 8579, 5203, 10408, 157730
6260, -9476, -15096, -3863, 3793, 6079, 157831
4160, -8396, -13200, -18395, 5523, 1940, 157930
7180, -1520, -6328, -12468, -17165, -12579, 158030
176, 1836, -14468, -23181, -16866, -4471, 158131
-9436, 5364, -20976, -13238, -103, 4683, 158229
-1272, 4268, -13124, -1232, 2045, -1325, 158329
-2524, 6404, -13212, -6243, -3719, -3989, 158430
-2820, 5884, -14456, 2265, 5510, 519, 158529
-1824, 4452, -13700, -772, 184, -290, 158629
-1756, 5420, -13756, -166, 402, 449, 158730
-1900, 5184, -13680, -361, -121, -132, 158829
-1844, 5208, -13944, -504, -27, 170, 158929
-1844, 5180, -13760, -233, 572, 305, 159029
-1748, 5136, -13792, -384, 14, 79, 159129
-1772, 5128, -13924, -517, -19, 14, 159229
-1812, 5116, -13760, -300, 288, 231, 159329
-1888, 5136, -13880, -399, 199, 51, 159429
-1716, 5172, -13880, -224, 477, 185, 159529
-1720, 5148, -14116, -338, 321, 168, 159629
-1796, 5112, -13876, -271, 261, 155, 159729
-1692, 5156, -14008, -313, 226, 133, 159830
-1792, 5096, -13984, -207, 342, 149, 159929
-1716, 5132, -13912, -273, 348, 187, 160028
-1704, 5040, -14056, -305, 153, 143, 160129
-1728, 5140, -13740, -334, 278, 180, 160228
-1700, 4936, -13776, -297, 309, 150, 160328
-1648, 5064, -13816, -348, 219, 114, 160429
-1664, 5108, -13952, -280, 288, 132, 160528
-1864, 5168, -14032, -320, 293, 185, 160628
-1784, 5028, -13988, -337, 213, 141, 160729
-1668, 5120, -14008, -318, 259, 131, 160828
-1776, 5116, -13896, -275, 257, 134, 160928
-1868, 5148, -13952, -362, 138, 175, 161029
-1656, 5012, -13680, -383, 49, 69, 161128
-1832, 5128, -14080, -493, -226, -65, 161228
-2252, 5060, -14020, -123, -832, -28, 161329
-2912, 6716, -14252, 117, -1892, -1176, 161428
-2532, 4704, -11520, 2804, 1725, -1889, 161528
824, 6988, -16176, -7715, -1929, 3887, 161629
2620, 9832, -12332, 8049, 9033, 7788, 161728
2256, 7988, -12116, -5228, 502, 6587, 161827
-1380, 8968, -14136, -8375, -2499, 8984, 161928
-2116, 5440, -12476, -853, -4606, 12223, 162027
-7672, 5376, -13112, -1070, -11761, 9924, 162127
-6392, 4756, -12960, 401, -8256, 6208, 162227
-4284, 5244, -13288, -202, -7329, 5775, 162327
-1416, 5716, -12292, 2392, -7049, 9733, 162427
1488, 7384, -12920, -6949, 278, 11664, 162527
-4784, 8988, -15776, 554, -1786, 10531, 162627
-3168, 8164, -12772, 3813, -3040, 11072, 162727
-3460, 6828, -13728, 2223, -4081, 15547, 162827
-5644, 6836, -11664, 4833, -1832, 14721, 162927
-4672, 5076, -9108, 3207, -2406, 8177, 163027
-4116, 5660, -10012, -4203, -1573, 4882, 163127
-3060, 7684, -12312, 1157, -10204, 3212, 163227
-3904, 7588, -13964, -5920, -5033, 4956, 163328
-4408, 9512, -19284, -2491, -5978, 2774, 163427
-5848, 8148, -20408, 3235, 1673, 4814, 163527
-5944, 7912, -18936, 6564, 4504, -1308, 163628
-6052, 10308, -22328, 773, 15816, -2346, 163726
-4620, 9356, -15616, 19282, 10819, -974, 163826
-3144, 3584, -10620, 13529, 7348, -2604, 163927
-1092, 1108, -10504, 10419, 6182, -6435, 164026
1024, -1728, -10732, 8171, 6131, -7472, 164126
2212, -3176, -10368, 11531, 946, -8752, 164227
3928, -3888, -9896, 10644, -1574, -10851, 164326
6108, -4676, -11192, 11316, -6141, -13804, 164426
4460, -5784, -11640, 11324, -5968, -8532, 164527
3496, -6676, -8124, 7749, -3849, -9927, 164626
4864, -6188, -7580, -1139, -4235, -8781, 164726
5612, -5192, -9168, -2024, -4403, -10348, 164827
5204, -2628, -10560, -3192, -3523, -10557, 164926
6948, 28, -11340, -4422, -3207, -11819, 165026
7012, 1960, -11116, -3743, -4064, -9907, 165127
8136, 4584, -14080, -7305, -6600, -8250, 165226
9124, 8268, -16916, -8134, -4473, -4236, 165326
9372, 12952, -20584, -3330, -1618, 3291, 165426
5988, 11096, -16244, -1385, 1825, 10072, 165525
4408, 8700, -13236, -336, 1461, 12520, 165625
3948, 6840, -12236, -4768, 7864, 17094, 165725
3484, 5188, -12624, -5855, 3097, 13937, 165825
4136, 3548, -11412, -2588, -2042, 13934, 165925
1828, 1084, -10904, -2168, -4486, 14037, 166025
1028, 612, -11232, -3703, -527, 12084, 166125
-804, 472, -12988, -2997, -675, 8986, 166225
1460, -400, -12340, -1340, -6636, 7170, 166325
368, 944, -15264, -6496, -6020, 9523, 166425
-2120, 2280, -16248, -1564, -7299, 10483, 166525
-3244, 1640, -14928, 138, -6301, 12074, 166625
-5220, 1284, -13472, -2502, -4894, 12143, 166725
-8408, 112, -12788, -10755, 1894, 9795, 166825
-6792, 2500, -12380, -10213, -1837, 854, 166925
-7548, 4860, -15956, -8643, -5057, 1644, 167025
-8732, 5072, -14144, -8555, -3743, -858, 167126
-8828, 7652, -13676, -10771, 364, -5752, 167225
-7084, 9544, -14436, -10318, 3927, -8405, 167324
-9768, 10340, -12844, -823, 5981, -6730, 167425
-7408, 11516, -13064, -1232, 13400, -14136, 167524
-8280, 10444, -14096, 4160, 8225, -10365, 167624
-3352, 12088, -15200, 4463, 19307, -15792, 167725
-4016, 9436, -14152, 16708, 10682, -16418, 167824
-1572, 2944, -10796, 7481, 6623, -7200, 167924
68, 1852, -9736, 2048, 5830, 852, 168025
-144, 4364, -10644, -4327, -6115, 3567, 168124
-2908, 7340, -12552, -10164, -6135, 8815, 168224
-5128, 8152, -15132, -7768, -599, 5554, 168325
-3816, 6148, -15788, -8659, -5096, 7080, 168424
-2200, 6928, -16396, -5313, -6626, 8826, 168524
-2976, 6256, -14380, 1217, -1939, 8607, 168624
-4884, 3660, -11588, -4124, -531, 6872, 168724
-6516, 2844, -14220, -4313, -1939, 3604, 168824
-5020, 3184, -14100, 2542, -140, -5438, 168924
-4764, 4864, -20232, 2815, 1520, -8745, 169024
-4204, 10812, -22176, 14911, 11881, -17979, 169123
-2924, 7728, -20924, 17423, 11256, -11456, 169223
-3776, 6620, -13744, 6279, 3780, 2532, 169323
-112, 11820, -3964, 9879, 12893, -10580, 169423
3680, -2776, -4928, 7536, 1867, -5382, 169523
4004, -520, -4652, -5924, -5741, -6674, 169623
1772, 5736, -11600, -20531, 6484, 5548, 169723
72, 10412, -14636, -13078, -11633, 3715, 169823
-1304, 11788, -13828, -20187, -8713, 17329, 169923
-5112, 16496, -19312, -31792, -14932, 12579, 170023
-3380, 12956, -17708, -15998, -459, 8225, 170123
-816, 9632, -14888, -5705, -805, 4029, 170231
-432, 9856, -15984, 2674, 274, 442, 170323
-1148, 10624, -16348, 13199, 5584, -5409, 170423
-2020, 12856, -16360, 17642, 9602, -9795, 170523
-2048, 14916, -18720, 17736, 12687, -10198, 170624
-24, 12192, -16436, 19331, 5127, -10546, 170723
208, 7824, -13144, 10000, 4350, -1755, 170822
120, 4588, -11884, 4210, -5680, -6506, 170923
1744, 1044, -13212, 2478, 2896, -6374, 171022
1716, -436, -10320, 3752, -13732, -580, 171122
-1052, 916, -7964, 888, 7790, 4908, 171223
-1876, 488, -6400, -1166, 1571, -2369, 171322
-2360, 52, -8872, -4499, 226, -5134, 171422
-2840, 3060, -14816, -10588, -6313, -17383, 171523
-376, 5456, -18092, -5691, 1389, -16252, 171622
2420, 10852, -17720, -10262, 2076, -12979, 171722
3540, 6304, -15792, 612, 440, 1654, 171822
1436, 3992, -11296, 2631, 813, 6955, 171922
384, 6860, -13180, 818, 6334, 8880, 172022
3536, 7000, -14520, -4991, -4315, -4229, 172122
1876, 5432, -15712, 30, 445, -568, 172222
1656, 5276, -12816, 1765, 1076, 1717, 172322
1120, 5588, -13092, 291, 291, -4242, 172422
756, 4812, -14480, -1441, -1239, -2090, 172522
1388, 4668, -13884, -1244, 1379, 2973, 172621
1856, 6256, -13764, -708, 2198, 369, 172721
1224, 5760, -13736, -202, -643, 492, 172821
1208, 5868, -13628, -286, -139, -214, 172921
1232, 5884, -13300, -620, -429, -340, 173021
1088, 5972, -13636, -167, 240, 57, 173121
1076, 5896, -13628, -451, 27, -123, 173221
992, 5912, -13504, -319, 70, -72, 173321
884, 5956, -13624, -283, -74, -108, 173421
988, 5880, -13964, -55, 229, 97, 173521
912, 5856, -13980, 309, 451, 99, 173621
1004, 5804, -13912, -696, -202, -60, 173721
896, 4708, -15496, 519, 2304, -273, 173821
4648, -952, -17560, -3384, 7866, -7889, 173921
4612, 3460, -15152, 4069, 6515, -9235, 174021
4732, 5156, -11844, 8586, 3793, -7044, 174121
3708, 5856, -11192, 4305, 1503, -3202, 174221
664, 5096, -12200, 2225, -502, 134, 174321
-712, 4612, -15096, 235, -2612, -1885, 174422
136, 2532, -14008, -995, -1790, -385, 174520
916, 3736, -16116, -3435, -1724, 213, 174620
2508, 3232, -13884, 3963, -2266, -2920, 174721
2012, 2720, -14536, 1745, -2200, 2517, 174820
-4768, 1276, -15108, -354, -1340, 5015, 174920
5208, 1320, -10712, -3209, -2265, -62, 175020
1820, 2516, -14044, -148, 429, -100, 175120
1104, 3300, -15032, -366, 290, 653, 175220
-248, 3224, -15872, -113, 456, -1603, 175320
544, -2512, -11068, 272, -14, -365, 175420
1672, 2892, -14400, -308, 277, 146, 175520
1680, 2968, -14464, -307, 274, 170, 175620
1644, 2956, -14468, -336, 270, 160, 175720
1672, 2916, -14588, -309, 297, 166, 175820
1632, 2944, -14276, -326, 287, 184, 175920
1644, 2892, -14488, -303, 297, 137, 176020
1708, 2920, -14452, -323, 267, 162, 176120
1644, 2956, -14388, -310, 274, 158, 176220
1656, 2980, -14376, -315, 279, 164, 176319
1632, 3068, -14544, -326, 243, 164, 176419
1584, 3040, -14556, -322, 283, 170, 176519
1624, 2948, -14384, -310, 296, 146, 176619
1596, 3012, -14372, -318, 286, 167, 176719
1656, 2912, -14488, -303, 283, 159, 176819
1684, 3044, -14416, -321, 286, 167, 176919
1680, 2848, -14656, -302, 282, 151, 177019
1628, 3040, -14448, -331, 269, 172, 177119
1536, 3016, -14348, -328, 301, 161, 177219
1540, 2960, -14548, -306, 314, 152, 177319
1664, 2908, -14452, -325, 276, 168, 177419
1680, 2880, -14388, -326, 257, 170, 177519
1596, 2864, -14272, -330, 269, 142, 177619
1636, 2952, -14556, -316, 301, 143, 177719
1704, 2988, -14436, -311, 300, 167, 177819
1556, 3020, -14372, -311, 293, 124, 177920
1552, 2952, -14400, -311, 288, 143, 178019
1672, 2900, -14616, -306, 281, 145, 178118
1596, 2948, -14352, -321, 299, 160, 178217
1740, 3068, -14568, -289, 283, 144, 178318
1752, 3080, -14316, -317, 297, 165, 178418
1704, 2952, -14312, -302, 289, 151, 178518
1616, 3020, -14392, -318, 281, 146, 178618
1764, 2860, -14348, -313, 311, 178, 178718
1624, 2960, -14480, -306, 309, 149, 178818
1664, 2888, -14360, -342, 274, 153, 178918
1764, 3012, -14324, -308, 273, 172, 179018
1704, 2972, -14396, -273, 278, 170, 179118
1664, 2940, -14328, -289, 295, 152, 179218
1592, 2940, -14432, -288, 293, 162, 179318
1548, 2928, -14632, -310, 309, 168, 179418
1616, 3000, -14324, -313, 284, 168, 179518
1564, 2876, -14512, -317, 322, 160, 179618
1612, 2904, -14384, -316, 305, 162, 179718
1684, 2876, -14472, -302, 281, 156, 179818
1664, 2976, -14536, -295, 267, 164, 179917
1672, 3004, -14528, -302, 284, 154, 180017
1568, 2932, -14432, -296, 282, 147, 180117
1712, 2996, -14492, -330, 280, 151, 180217
1596, 2988, -14424, -316, 287, 177, 180317
1700, 2968, -14584, -319, 288, 162, 180417
1584, 2836, -14356, -321, 323, 131, 180517
1636, 3032, -14464, -306, 280, 171, 180617
1532, 3068, -14496, -311, 301, 161, 180717
1640, 2884, -14444, -303, 271, 165, 180817
2120, 3136, -14404, -318, 202, 127, 180917
1708, 2912, -14488, -328, 263, 165, 181017
1772, 2956, -14464, -306, 276, 161, 181117
1660, 3020, -14496, -300, 280, 171, 181217
1708, 2836, -14444, -313, 284, 167, 181317
1608, 2864, -14480, -318, 299, 161, 181416
1612, 2980, -14444, -310, 292, 153, 181517
1716, 3000, -14580, -330, 279, 147, 181617
1632, 2912, -14460, -314, 287, 152, 181715
1684, 2944, -14484, -312, 298, 166, 181816
1592, 2996, -14340, -332, 298, 177, 181916
1612, 2976, -14572, -300, 295, 151, 182016
1524, 2860, -14440, -308, 279, 157, 182116
1576, 2984, -14300, -310, 292, 172, 182216
1604, 2884, -14528, -322, 321, 148, 182316
1684, 3004, -14372, -303, 286, 149, 182416
1596, 3064, -14384, -307, 286, 128, 182516
1632, 2976, -14436, -315, 293, 158, 182616
1740, 2892, -14496, -319, 276, 170, 182716
1588, 3012, -14324, -331, 309, 165, 182816
1556, 3028, -14408, -319, 276, 167, 182916
1596, 3016, -14296, -335, 281, 166, 183016
1604, 2932, -14348, -322, 284, 173, 183116
1620, 2936, -14428, -293, 259, 157, 183216
1620, 2884, -14444, -311, 282, 184, 183316
1604, 3016, -14484, -318, 301, 154, 183416
1608, 2916, -14348, -331, 278, 143, 183515
1632, 3068, -14420, -311, 267, 166, 183615
1732, 2960, -14380, -315, 299, 155, 183715
1704, 2884, -14488, -318, 266, 168, 183815
1728, 2940, -14472, -327, 286, 156, 183917
1584, 3028, -14328, -295, 285, 161, 184015
1668, 2792, -14524, -334, 327, 151, 184115
1672, 2808, -14416, -300, 288, 168, 184215
1688, 2892, -14344, -295, 289, 154, 184315
1644, 3024, -14372, -300, 288, 163, 184415
1656, 2960, -14552, -319, 261, 192, 184515
1716, 2856, -14416, -329, 274, 146, 184614
1700, 2968, -14368, -307, 271, 155, 184715
1604, 2828, -14320, -318, 297, 172, 184815
1656, 2984, -14340, -315, 284, 174, 184914
1684, 2984, -14504, -314, 262, 168, 185015
1632, 2816, -14416, -293, 286, 156, 185115
1652, 2912, -14400, -328, 279, 163, 185214
1616, 2916, -14548, -320, 275, 137, 185314
1660, 2876, -14384, -281, 281, 172, 185414
1716, 3124, -14484, -298, 282, 150, 185513
1728, 3028, -14316, -324, 291, 192, 185614
1720, 2832, -14448, -320, 284, 149, 185714
1708, 2940, -14324, -336, 313, 128, 185814
1592, 3068, -14280, -315, 285, 148, 185914
1636, 2988, -14312, -318, 285, 175, 186014
1640, 2964, -14240, -333, 302, 152, 186114
1720, 2932, -14444, -310, 306, 157, 186214
1700, 2852, -14332, -289, 322, 161, 186314
1620, 2912, -14452, -317, 299, 173, 186414
1668, 2940, -14432, -317, 302, 158, 186514
1596, 2968, -14304, -328, 285, 153, 186614
1640, 2904, -14332, -314, 274, 167, 186714
1656, 3496, -14352, -316, 316, 223, 186814
1456, 3004, -14352, -301, 305, 182, 186914
1504, 2724, -14424, -320, 247, 152, 187014
1836, 3084, -14536, -316, 260, 145, 187113
1624, 2908, -14348, -287, 269, 153, 187213
1688, 2904, -14524, -311, 255, 172, 187313
1696, 2928, -14552, -303, 279, 151, 187413
1652, 2972, -14516, -318, 301, 177, 187513
1612, 2976, -14552, -328, 323, 157, 187613
1720, 2896, -14256, -315, 302, 168, 187713
1588, 2948, -14328, -296, 274, 154, 187812
1636, 2948, -14432, -329, 285, 143, 187913
1716, 3028, -14532, -311, 276, 163, 188013
1620, 2984, -14416, -306, 287, 167, 188112
1664, 2952, -14552, -315, 284, 159, 188213
1632, 2960, -14488, -328, 255, 168, 188313
1740, 2968, -14440, -307, 296, 163, 188412
1592, 2976, -14420, -302, 312, 146, 188513
1648, 2892, -14404, -322, 280, 144, 188613
1640, 2932, -14288, -325, 311, 174, 188712
1576, 2852, -14264, -313, 275, 167, 188813
1672, 2956, -14412, -315, 299, 140, 188912
1780, 3012, -14484, -315, 289, 139, 189011
1640, 2988, -14476, -334, 278, 162, 189112
1564, 2920, -14272, -320, 276, 167, 189212
1688, 2984, -14500, -326, 269, 146, 189312
1640, 2832, -14468, -310, 301, 172, 189412
1584, 2972, -14492, -297, 280, 170, 189512
1576, 2976, -14288, -301, 285, 162, 189612
1620, 2792, -14564, -294, 280, 164, 189712
1672, 2936, -14392, -341, 283, 164, 189812
1692, 2940, -14412, -286, 278, 161, 189912
1540, 2916, -14244, -349, 287, 157, 190012
1596, 2948, -14492, -317, 262, 142, 190112
1716, 2936, -14540, -308, 275, 157, 190212
1756, 2980, -14472, -316, 291, 151, 190312
1672, 2956, -14564, -298, 297, 174, 190412
1676, 3012, -14352, -309, 290, 160, 190512
1692, 2960, -14376, -325, 295, 193, 190612
1724, 3024, -14380, -318, 286, 169, 190711
1692, 2912, -14368, -294, 282, 163, 190811
1664, 2940, -14348, -309, 296, 134, 190911
1628, 2980, -14380, -321, 262, 157, 191010
1688, 2972, -14324, -302, 286, 174, 191111
1736, 2984, -14260, -277, 274, 180, 191211
1660, 2900, -14436, -339, 271, 164, 191310
1696, 3004, -14484, -328, 272, 146, 191411
1704, 2860, -14472, -329, 307, 162, 191511
1744, 2996, -14532, -322, 281, 150, 191610
1584, 3008, -14456, -306, 289, 160, 191711
1700, 2972, -14292, -307, 272, 169, 191811
1556, 2940, -14376, -334, 274, 157, 191910
1700, 2908, -14412, -301, 307, 148, 192011
1720, 2892, -14388, -321, 292, 179, 192111
1760, 2928, -14476, -301, 299, 145, 192210
1540, 2956, -14364, -281, 273, 129, 192311
1680, 2944, -14404, -275, 299, 164, 192411
1624, 2988, -14240, -299, 281, 162, 192509
1692, 2924, -14384, -326, 256, 173, 192610
1656, 3032, -14532, -318, 321, 172, 192710
1660, 2976, -14244, -297, 326, 149, 192809
1580, 2920, -14284, -297, 289, 162, 192910
1636, 2968, -14540, -329, 294, 170, 193010
1648, 2836, -14568, -310, 298, 166, 193110
1704, 2860, -14480, -283, 281, 167, 193210
1680, 2916, -14352, -318, 278, 155, 193310
1620, 2952, -14468, -304, 276, 143, 193410
1588, 3024, -14396, -310, 293, 179, 193510
1596, 2880, -14480, -334, 293, 163, 193610
1568, 2876, -14368, -306, 316, 162, 193710
1724, 2948, -14440, -303, 298, 151, 193810
1652, 2988, -14516, -289, 294, 156, 193910
1700, 2916, -14444, -307, 287, 169, 194010
1624, 2960, -14412, -324, 283, 161, 194110
1576, 3028, -14424, -302, 310, 174, 194209
1660, 2924, -14428, -344, 289, 153, 194309
1632, 2944, -14420, -312, 286, 169, 194409
1688, 2892, -14492, -329, 291, 172, 194508
1688, 2928, -14276, -324, 291, 173, 194609
1664, 2876, -14444, -296, 283, 141, 194709
1668, 3012, -14608, -286, 290, 179, 194808
1676, 2952, -14488, -324, 270, 159, 194909
1656, 2984, -14436, -297, 289, 147, 195009
1608, 3004, -14504, -309, 277, 170, 195108
1588, 2936, -14284, -304, 311, 169, 195209
1660, 2900, -14400, -315, 277, 156, 195309
1572, 2952, -14412, -319, 318, 179, 195408
1572, 2880, -14516, -329, 288, 183, 195509
1720, 2944, -14396, -316, 251, 153, 195609
1716, 2936, -14392, -321, 315, 171, 195708
1608, 2912, -14436, -322, 304, 167, 195809
1656, 2968, -14404, -324, 260, 149, 195909
1640, 2896, -14444, -324, 296, 148, 196008
1684, 2984, -14480, -314, 280, 141, 196108
1664, 2912, -14680, -315, 309, 139, 196208
1604, 3032, -14628, -316, 276, 164, 196307
1624, 2980, -14504, -292, 286, 161, 196408
1740, 2940, -14476, -307, 288, 160, 196508
1632, 2944, -14516, -300, 283, 145, 196608
1644, 2956, -14420, -321, 278, 170, 196708
1560, 2880, -14412, -313, 294, 162, 196808
1756, 2968, -14392, -304, 301, 156, 196908
1752, 2976, -14388, -310, 286, 168, 197008
1616, 2896, -14572, -317, 286, 164, 197108
1704, 2912, -14240, -316, 301, 136, 197208
1660, 2940, -14416, -309, 271, 148, 197308
1576, 2920, -14504, -318, 264, 146, 197407
1656, 2976, -14340, -297, 294, 150, 197508
1700, 2868, -14512, -319, 260, 127, 197608
1712, 2884, -14232, -312, 302, 166, 197707
1708, 2864, -14332, -332, 257, 180, 197808
1668, 2880, -14460, -301, 288, 158, 197907
1712, 2820, -14428, -324, 310, 171, 198006
1628, 2888, -14436, -327, 259, 175, 198107
1696, 2916, -14540, -306, 305, 172, 198207
1668, 2972, -14232, -318, 272, 169, 198306
1624, 3012, -14540, -283, 273, 164, 198407
1680, 2964, -14452, -314, 280, 156, 198507
1648, 2896, -14592, -311, 267, 164, 198606
1712, 2968, -14664, -300, 284, 169, 198707
1652, 2864, -14352, -294, 284, 161, 198807
1684, 2876, -14268, -348, 324, 161, 198906
1612, 2952, -14344, -310, 295, 161, 199007
1708, 2884, -14596, -312, 290, 157, 199107
1704, 2968, -14532, -332, 279, 169, 199206
1624, 2932, -14604, -287, 288, 162, 199307
1568, 2908, -14424, -325, 303, 174, 199407
1668, 2976, -14312, -334, 269, 170, 199506
1648, 2908, -14412, -310, 294, 159, 199607
1632, 2984, -14452, -327, 299, 155, 199706
1700, 2924, -14380, -303, 282, 161, 199805
1676, 2944, -14460, -337, 338, 173, 199906
1632, 2908, -14300, -312, 312, 168, 200006
1656, 2940, -14380, -291, 272, 181, 200105
1660, 2896, -14384, -316, 247, 171, 200206
1696, 2968, -14332, -321, 305, 179, 200306
1660, 2900, -14376, -296, 314, 164, 200406
1616, 2904, -14512, -317, 266, 156, 200506
1692, 2904, -14504, -317, 277, 170, 200605
1668, 2904, -14532, -295, 285, 145, 200706
1640, 2920, -14388, -306, 318, 165, 200806
1756, 2960, -14428, -314, 295, 141, 200905
1652, 2880, -14548, -329, 273, 167, 201006
1624, 2920, -14592, -336, 266, 161, 201106
1624, 2984, -14496, -316, 292, 182, 201205
1620, 2860, -14420, -316, 264, 136, 201306
1728, 2916, -14292, -315, 281, 177, 201406
1636, 3044, -14392, -310, 277, 179, 201504
1700, 2900, -14476, -289, 297, 172, 201605
1708, 2948, -14192, -331, 269, 150, 201705
1648, 2812, -14588, -306, 285, 181, 201804
1724, 3052, -14244, -324, 294, 187, 201905
1644, 2844, -14484, -305, 291, 175, 202005
1724, 2880, -14336, -328, 267, 153, 202104
1700, 3024, -14444, -323, 297, 150, 202205
1728, 3064, -14344, -314, 270, 182, 202305
1804, 2964, -14504, -323, 294, 134, 202404
1560, 2880, -14300, -319, 284, 155, 202505
1604, 3004, -14540, -298, 276, 158, 202605
1760, 2892, -14404, -312, 274, 171, 202704
1640, 2852, -14400, -311, 281, 132, 202805
1692, 3040, -14592, -298, 286, 166, 202905
1788, 2956, -14364, -318, 290, 155, 203004
1736, 2940, -14348, -302, 292, 121, 203105
1712, 2912, -14456, -317, 277, 167, 203205
1744, 2976, -14244, -314, 276, 152, 203303
1692, 2928, -14488, -306, 260, 137, 203404
1564, 2844, -14480, -273, 269, 174, 203504
1712, 2940, -14228, -336, 311, 126, 203603
1688, 3012, -14576, -295, 286, 187, 203704
1632, 2964, -14548, -315, 262, 149, 203803
1624, 3104, -14476, -323, 290, 152, 203904
1652, 2944, -14480, -323, 281, 153, 204004
1660, 2968, -14428, -317, 280, 160, 204103
1636, 2948, -14624, -310, 285, 162, 204204
1604, 2904, -14332, -318, 284, 162, 204304
1688, 2960, -14412, -314, 274, 173, 204403
1704, 2896, -14232, -323, 304, 158, 204504
1652, 2964, -14564, -314, 281, 164, 204604
1592, 2928, -14464, -328, 276, 166, 204703
1624, 2988, -14564, -317, 290, 161, 204804
1588, 2932, -14516, -329, 284, 133, 204904
1676, 2928, -14480, -311, 298, 152, 205003
1764, 3004, -14508, -293, 287, 152, 205103
1652, 2884, -14460, -322, 300, 150, 205203
1652, 2952, -14532, -303, 269, 150, 205302
1712, 3004, -14292, -318, 289, 161, 205403
1704, 2916, -14392, -322, 264, 171, 205503
1684, 2900, -14576, -288, 281, 168, 205602
1752, 2928, -14512, -305, 283, 158, 205703
1648, 2988, -14456, -332, 301, 163, 205803
1676, 2924, -14472, -291, 295, 142, 205902
1492, 2896, -14524, -315, 293, 142, 206003
1748, 2876, -14384, -306, 293, 155, 206103
1688, 3004, -14368, -299, 291, 154, 206202
1708, 2884, -14388, -292, 290, 140, 206303
1552, 2944, -14384, -307, 291, 162, 206403
1704, 2928, -14316, -305, 287, 155, 206502
1536, 2868, -14472, -302, 280, 174, 206603
1612, 2912, -14304, -315, 279, 149, 206703
1572, 3028, -14512, -304, 285, 154, 206802
1764, 2992, -14536, -309, 291, 146, 206902
1544, 2832, -14464, -307, 289, 179, 207001
1748, 2840, -14548, -329, 306, 140, 207101
1712, 2912, -14452, -300, 285, 147, 207202
1772, 2988, -14564, -293, 275, 167, 207301
1688, 2884, -14496, -321, 271, 161, 207401
1708, 2852, -14464, -317, 298, 159, 207502
1624, 2832, -13980, -333, 290, 136, 207601
1656, 3044, -14804, -317, 308, 164, 207702
1660, 2924, -14276, -319, 279, 155, 207802
1656, 2932, -14516, -324, 286, 149, 207901
1732, 2904, -14420, -321, 278, 162, 208002
1680, 2908, -14428, -314, 272, 156, 208102
1572, 2960, -14496, -308, 279, 173, 208201
1656, 2940, -14604, -324, 270, 170, 208302
1560, 3060, -14472, -326, 291, 182, 208402
1648, 3096, -14364, -307, 266, 159, 208501
1568, 2972, -14528, -314, 289, 156, 208602
1600, 2956, -14376, -309, 268, 174, 208701
1684, 2888, -14208, -289, 275, 158, 208800
1884, 2972, -14284, -350, 296, 151, 208901
1580, 2960, -14352, -302, 263, 152, 209001
1672, 2960, -14280, -300, 267, 185, 209100
1616, 2988, -14508, -334, 291, 180, 209201
1552, 2908, -14272, -326, 297, 159, 209301
1784, 3056, -14376, -334, 289, 161, 209400
1620, 2872, -14468, -318, 293, 161, 209501
1616, 3012, -14388, -326, 280, 149, 209601
1632, 2932, -14384, -306, 275, 154, 209700
1660, 2984, -14484, -304, 287, 176, 209801
1612, 2944, -14408, -317, 283, 143, 209901
1692, 3044, -14252, -304, 286, 175, 210000
1676, 2940, -14196, -325, 282, 173, 210101
1668, 2924, -14544, -297, 262, 165, 210200
1700, 3012, -14468, -327, 291, 159, 210300
1616, 2860, -14556, -335, 301, 174, 210401
1524, 2800, -14372, -318, 256, 167, 210499
1652, 2976, -14636, -299, 280, 159, 210599
1620, 2924, -14512, -328, 314, 163, 210700
1604, 2960, -14556, -328, 275, 170, 210799
3328, 1764, -15244, -895, 3723, 2694, 210899
3820, 11148, -31396, 1077, -808, -473, 211000
1684, 2976, -14480, -267, 458, -334, 211099
1240, 3000, -14512, -259, 430, -762, 211200
1584, 2824, -14124, -162, 422, -1196, 211300
2612, 2888, -14504, -241, 246, -295, 211399
1464, 2900, -14740, -223, 327, 174, 211500
2348, 3188, -15016, 296, 453, -4506, 211600
2152, 3724, -14020, 486, 1879, -8163, 211699
1052, 3824, -16324, 272, 930, -3777, 211800
1704, 2544, -14464, -303, 255, 255, 211900
1432, 2684, -14648, -545, -99, 3093, 211999
1728, 2464, -14796, -994, -237, 1138, 212100
200, 9148, -10956, -174, -670, 6177, 212200
6072, 3832, -15044, -1952, 761, 10600, 212298
7104, 2696, -13888, -522, 1553, 761, 212399
2052, 3340, -14392, -425, -94, 956, 212499
1624, 3052, -14312, -23, -1638, -62, 212598
-544, 6856, -16096, -1476, -4642, 2925, 212699
2288, 5432, -19576, 478, 4526, 1907, 212799
2556, 3204, -14864, 8, 826, 923, 212898
1428, 2976, -14508, -252, 494, -1943, 212999
1524, 2884, -14084, -14, 1093, -3245, 213099
1512, 2984, -14480, -338, 460, 236, 213198
1760, 2908, -14400, -408, 841, 258, 213299
1648, 3036, -14372, -323, 356, 171, 213398
1700, 3000, -14480, -288, 81, 104, 213498
1732, 3052, -14436, -330, 403, 174, 213599
1788, 3032, -14244, -353, 467, 198, 213698
1844, 2944, -14424, -388, 743, 229, 213798
2116, 3084, -14468, -609, 2333, 504, 213899
2588, 3208, -14436, -783, 3884, 757, 213998
4216, 3324, -14116, -1418, 7384, 2476, 214097
5796, 3196, -13156, -918, 5373, 915, 214198
5792, 3348, -13388, -539, 2545, 76, 214297
7024, 3328, -12784, -1162, 7082, 1089, 214397
8552, 3404, -11596, -1471, 9707, 1831, 214498
10140, 3364, -10608, -1481, 9429, 1727, 214597
11556, 3364, -9196, -1057, 6203, 1147, 214697
12128, 3380, -8544, -1017, 5927, 1156, 214798
13124, 3236, -7352, -803, 4554, 630, 214897
13144, 3276, -7144, -583, 2859, 245, 214998
13780, 3196, -5856, -972, 6108, -197, 215098
13776, 3856, -6160, -217, 1549, -1953, 215197
14172, 3684, -5328, 477, -5437, 445, 215298
12460, 3276, -7072, 2159, -18740, -441, 215398
9656, 3400, -10892, 1689, -14269, -3140, 215497
7500, 3492, -12420, 1201, -10587, -1673, 215598
5468, 3380, -13456, 1027, -9292, -1431, 215698
3704, 3192, -14008, 784, -7211, -1494, 215797
2240, 3148, -14748, 775, -5725, -1557, 215897
1580, 2720, -14716, -338, 325, 145, 215997
1672, 2920, -14276, -288, 98, 121, 216096
1916, 3344, -15688, -380, -1873, 192, 216197
656, 3208, -14288, -611, -4552, -783, 216297
-304, 2892, -14660, -428, -3652, -1475, 216396
-1440, 3136, -14708, -755, -6294, -1195, 216497
-2932, 3376, -13528, -1008, -5266, -2467, 216596
-1984, 2860, -11904, -289, 3783, -1058, 216696
-3388, 2224, -14808, -264, 4296, 1692, 216797
-1848, 3000, -14528, 262, 7357, 1871, 216896
428, 3596, -14828, -161, 4440, -624, 216996
856, 2908, -14408, -220, 2488, 572, 217097
856, 2908, -14408, -220, 2488, 572, 217194
856, 2908, -14408, -220, 2488, 572, 217294
1640, 2864, -14648, -331, 432, 207, 217397
1784, 3000, -14532, -335, 545, 180, 217496
1840, 3064, -14364, -480, 954, 267, 217596
1924, 2888, -14560, -372, 486, 194, 217696
2144, 2992, -14356, -490, 1036, 286, 217795
2548, 3048, -14352, -625, 1605, 374, 217895
636, 2792, -13796, -88, -2010, 1848, 217996
-1912, 5944, -20840, -20569, -772, 73, 218095
-1296, 11496, -16556, -13387, 5913, -789, 218195
1872, 9292, -7272, -32768, 7534, 1523, 218296
3144, 10368, 1732, -32768, -7751, -4507, 218395
2420, 10604, 7316, -30112, -9229, -3693, 218496
4176, 9988, 10364, -20797, -10278, -5472, 218596
7448, 6768, 12004, -4898, -732, -3017, 218695
1904, 8628, 15328, -6981, 3289, -730, 218796
5128, 7184, 16052, -13714, -492, -5045, 218896
2700, 6556, 17168, -3236, 3891, -1581, 218995
2408, 5804, 18236, -4750, 1822, -619, 219096
220, 2400, 16412, -6002, 328, -4047, 219196
2364, 708, 17548, -10949, 9276, -3920, 219295
-828, -36, 18748, -4185, 13166, -6501, 219396
-4784, 544, 18992, -1245, 7883, -6293, 219495
-3440, 2608, 20444, 4353, 3826, -4441, 219594
-4836, 3280, 16764, 4573, 218, -8500, 219695
-5452, -588, 17092, -4039, 323, -4974, 219794
-8208, 1228, 18116, 4586, -2402, -4517, 219894
-4560, 596, 16296, -3398, -5197, -2356, 219995
-4668, 228, 18300, 191, 1191, 542, 220094
-3112, 2088, 17436, 369, 973, 270, 220194
-4424, 2428, 17000, 975, 178, 172, 220295
-4208, 2336, 17548, 189, -137, 663, 220394
-4176, 1900, 16832, 907, 496, 893, 220494
-2772, 3844, 19988, 1076, 2809, 1259, 220595
-4844, 3608, 16612, 1533, -2008, 154, 220694
-4304, 3744, 16340, -245, -113, -250, 220794
-5532, 4188, 17112, -653, 5440, -601, 220895
-4248, 2420, 17820, 88, -1134, 1204, 220994
-4012, 3584, 18836, 438, 2135, -173, 221094
-8448, 2836, 20504, 1020, 1661, -1879, 221195
-6256, 3804, 15932, 45, -1272, 1258, 221293
-5532, 2600, 16536, -1362, 1005, 473, 221393
-5268, 3036, 17924, 2901, 1937, 1399, 221494
-5416, 3020, 15828, 2458, -1937, 137, 221593
-7320, 6112, 18872, 7178, -385, 869, 221693
-4784, 5344, 15772, 15939, 3025, 3086, 221794
-3792, 10864, 11240, 32767, 12696, -608, 221893
-6844, 16916, -1368, 32767, 16839, -132, 221993
-8792, 7812, -7092, 31866, 10409, -9735, 222094
-7528, 9600, -8004, -6116, -2332, 2589, 222193
-5612, 10080, -11900, 6660, 12631, 14313, 222294
-5992, 12096, -15648, 8567, 9931, 977, 222394
-1308, 4628, -7544, 8191, 12482, -4039, 222493
372, 4308, -12180, 6583, -2857, -12751, 222594
1324, 5528, -16548, 6403, 6626, 5948, 222694
536, 16, -19776, -11155, 17298, -12174, 222793
-788, 1468, -14804, -4893, 17973, -13011, 222894
-1044, 5424, -12856, 13266, 15043, -22679, 222993
-4, 4164, -13424, 12383, 13310, -19180, 223092
-4716, 2316, -8864, 5479, 8958, -32768, 223193
-15344, 7260, -6120, 17198, -5704, -32768, 223292
-13656, 3744, -12904, 30071, 4672, -3131, 223392
-4296, -5532, -16696, 32767, 6205, 17597, 223493
328, -16516, -16256, 32767, 11924, 22092, 223592
2408, -16348, -11404, 3459, 11402, 8511, 223692
-1380, -14828, -8372, -9165, 3956, -1031, 223793
-6084, -14964, -7360, 3765, 8291, 2720, 223892
-3264, -14468, -6752, 11973, 31850, 12068, 223992
-6420, -14884, -4096, 10722, 25163, 5077, 224093
-5324, -16120, -1420, 12706, 32767, 14287, 224192
-5780, -12680, 5920, 5895, -4989, 285, 224292
-5416, -15412, -1656, 10219, 13367, -2600, 224393
-384, -15524, -5484, -10915, -32768, -7864, 224492
328, -16668, -4768, -11630, -32768, 304, 224592
532, -15268, -5164, -10587, -28760, -1444, 224693
-1688, -14412, -6300, -7120, 1162, -800, 224792
-2040, -15976, -5528, 16257, 32767, 8755, 224891
-2000, -14540, -6400, 12880, 32767, 25250, 224992
-6692, -12896, -5548, 2959, 14192, 14450, 225091
-9024, -13184, -2164, 486, -568, 6387, 225191
-7708, -13136, -1280, -4212, -20083, -11528, 225292
-5628, -15072, -2096, 2527, -11864, -14119, 225391
-6072, -22256, -2404, -4801, 7958, 7859, 225491
-3968, -14700, -464, 13460, 8054, 9509, 225592
-5460, -11984, -2624, 4373, 9332, -632, 225691
-7176, -15628, 548, -3662, -3437, 1658, 225792
-8400, -15504, 3292, 1544, -2041, 191, 225892
-8396, -13696, 3252, 13163, 5114, 1580, 225991
-9328, -14296, 444, 6861, 3580, 7020, 226092
-8728, -13892, 1680, -6070, -5106, 8301, 226191
-9344, -13404, 4336, 37, 3301, 23, 226291
-9668, -13736, 3440, -2385, -417, -1325, 226392
-8512, -13120, 1228, -9431, -2460, -2072, 226491
-8692, -12732, -2432, -20162, -3123, -7185, 226591
-8776, -12012, -3444, -21431, -3867, 1370, 226691
-6244, -12916, -1428, -3333, 5895, -4022, 226790
-6332, -13940, -5320, 801, 10365, -4611, 226894
-5844, -11688, -7140, 1260, -5425, -376, 226991
-7368, -12812, -7460, -5822, -7182, 3713, 227090
-8704, -11936, -6432, -11940, -8775, 11508, 227190
-10728, -10160, -7080, -9149, -8594, 2476, 227291
-11064, -8968, -7308, -12584, -319, -524, 227390
-10236, -6984, -6668, -19298, 4402, -14454, 227490
-10016, -11276, -13376, -32768, -5913, -14114, 227591
-10132, 1044, -17092, -32768, 13921, -16287, 227690
-7764, 12060, -11320, -27740, 17238, 3867, 227790
-3976, 14320, -3844, -16381, 8039, 15825, 227891
1592, 1736, 2280, -4778, 11980, 9879, 227990
4512, 12268, -17784, -3861, -28057, -2373, 228090
-7216, 19288, -19524, -15357, 24965, 7869, 228191
968, 27800, -1092, -21100, 18811, 17122, 228290
4400, 13304, 4376, -8061, 22392, 23983, 228390
6216, 11604, 5588, 1631, 17424, 28495, 228490
7180, 2220, 12580, 18840, 23079, 32767, 228589
6076, -3128, 10304, 32767, 32767, 32767, 228689
-2140, 8032, 10196, 16794, 32135, 32767, 228790
-2204, -956, 14984, -23464, -32768, -18242, 228889
14936, 256, 11112, -7464, -32768, -17611, 228989
22676, 2592, -12516, -17749, -32768, -21421, 229090
5548, 3460, -16128, 16025, -23085, 20524, 229189
8132, -2872, -11440, 2116, -32768, 6942, 229289
3908, -26616, -32768, 15495, -27193, 11285, 229389
344, -1548, -12924, -1487, -11953, 14398, 229489
3696, 32767, -32768, -491, -4959, 5865, 229590
2228, 2100, -14800, -427, 256, 144, 229689
1696, 3156, -14124, -345, 294, 134, 229789
1712, 2972, -14376, -315, 273, 133, 229890
1728, 2972, -14484, -285, 296, 149, 229989
1724, 3032, -14412, -298, 271, 160, 230089
1632, 3096, -14360, -335, 295, 165, 230190
1660, 2896, -14344, -298, 299, 139, 230288
1532, 2672, -13060, -288, 309, 152, 230388
1684, 3100, -14504, -303, 256, 139, 230489
1672, 2884, -14264, -325, 286, 172, 230588
1724, 3012, -14384, -307, 312, 184, 230688
1780, 3084, -14588, -289, 261, 147, 230789
1772, 3008, -14400, -325, 300, 155, 230888
1624, 2940, -14316, -313, 297, 157, 230988
